// _________                                    
// \_   ___ \_______  ____   ____  __ __  ______
// /    \  \/\_  __ \/  _ \ /    \|  |  \/  ___/
// \     \____|  | \(  <_> )   |  \  |  /\___ \ 
//  \______  /|__|   \____/|___|  /____//____  >
//         \/                   \/           \/  
//-----------------------------------------------
// 1.0 Adaptação à renovação [Dubugras]
// 1.1 Tradução da estrutura [Vianna]
//-----------------------------------------------
// 1 Normal+lutador / 2 Fogo / 3 Planta/inseto / 4 Agua+gelo / 5 Fantasma / 6 Psiquico / 7 Veneno / 8 Voador+dragão /  9 Eletrico / 10 Terra+pedra
// Database de ajuste de dano elemental
// NOR WAT ROK FIR FLY POI PSY LEA GHO ELE FIG EAR DRA BUG ICE Normal/Fly Water/FiGht Water/poison Water/Psy Water/Ice Water/Flying Rock/earth Rock/Water Rock/Fly Fire/Fly Poison/earth Poison/Fly Leaf/poison Leaf/Psy Drag/Fly Bug/Fly Bug/Poison B/Leaf Ice/Ppsy
// Colunas: Elemento do atacado
// Linhas: Elemento do atacante
//Neut agua terr fogo fly  vene psy  leaf gst  elec 
1,15	// Elementos Nv.1
//norm watr rock fire fly pois  psy leaf ghost elet figt grnd drag bug ice
  100, 100,  50, 100, 100, 100, 100, 100,  20, 100, 100, 100, 100, 100, 100, // normal 0
  100,  50, 175, 175, 100, 100, 100,  50, 100, 100, 100, 175,  50, 100, 100, // water 1
  100, 100, 100, 175, 175, 100, 100, 100, 100, 100,  50,  50, 100, 175, 175, // rock 2
  100,  50,  50,  50, 100, 100, 100, 175, 100, 100, 100, 100,  50, 175, 175, // fire 3
  100, 100,  50, 100, 100, 100, 100, 175, 100,  50, 175, 100, 100, 175, 100, // flying 4
  100, 100, 100,  50, 100,  50, 100, 175,  50, 100, 100,  50, 100, 100, 100, // poison 5
  100, 100, 100, 100, 100, 175,  50, 100, 100, 100, 175, 100, 100, 100, 100, // psy 6
  100, 175, 175,  50,  50,  50, 100,  50, 100, 100, 100, 175, 100,  50, 100, // leaf 7
   20, 100, 100, 100, 100, 100, 175, 100, 175, 100, 100, 100, 100, 100, 100, // ghost 8
  100, 175,  50, 100, 175, 100, 100,  50, 100,  50, 100,  20,  50, 100, 100, // eletric 9
  175, 100, 175, 100,  50,  50,  50, 100,  30, 100, 100, 100, 100,  50, 175, // fighter 10
  100, 100, 175, 175,  20, 175, 100,  50, 100, 175, 100, 100, 100,  50, 100, // ground 11
  100, 100, 100, 100, 100, 100, 100, 100, 100, 100, 100, 100, 175, 100, 100, // dragon 12
  100, 100, 100,  50,  50,  50, 175, 175,  50, 100,  50, 100, 100, 100, 100, // bug 13
  100,  50, 100,  50, 175, 100, 100, 175, 100, 100, 100, 175, 175, 100,  50, // ice 14
  
2,15	// Elementos Nv.2
//norm watr rock fire fly pois  psy leaf ghost elet figt grnd drag bug ice
  100, 100,  50, 100, 100, 100, 100, 100,  20, 100, 100, 100, 100, 100, 100, // normal 0
  100,  50, 175, 175, 100, 100, 100,  50, 100, 100, 100, 175,  50, 100, 100, // water 1
  100, 100, 100, 175, 175, 100, 100, 100, 100, 100,  50,  50, 100, 175, 175, // rock 2
  100,  50,  50,  50, 100, 100, 100, 175, 100, 100, 100, 100,  50, 175, 175, // fire 3
  100, 100,  50, 100, 100, 100, 100, 175, 100,  50, 175, 100, 100, 175, 100, // flying 4
  100, 100, 100,  50, 100,  50, 100, 175,  50, 100, 100,  50, 100, 100, 100, // poison 5
  100, 100, 100, 100, 100, 175,  50, 100, 100, 100, 175, 100, 100, 100, 100, // psy 6
  100, 175, 175,  50,  50,  50, 100,  50, 100, 100, 100, 175, 100,  50, 100, // leaf 7
   20, 100, 100, 100, 100, 100, 175, 100, 175, 100, 100, 100, 100, 100, 100, // ghost 8
  100, 175,  50, 100, 175, 100, 100,  50, 100,  50, 100,  20,  50, 100, 100, // eletric 9
  175, 100, 175, 100,  50,  50,  50, 100,  30, 100, 100, 100, 100,  50, 175, // fighter 10
  100, 100, 175, 175,  20, 175, 100,  50, 100, 175, 100, 100, 100,  50, 100, // ground 11
  100, 100, 100, 100, 100, 100, 100, 100, 100, 100, 100, 100, 175, 100, 100, // dragon 12
  100, 100, 100,  50,  50,  50, 175, 175,  50, 100,  50, 100, 100, 100, 100, // bug 13
  100,  50, 100,  50, 175, 100, 100, 175, 100, 100, 100, 175, 175, 100,  50, // ice 14
  
3,15	// Elementos Nv.3
//norm watr rock fire fly pois  psy leaf ghost elet figt grnd drag bug ice
  100, 100,  50, 100, 100, 100, 100, 100,  20, 100, 100, 100, 100, 100, 100, // normal 0
  100,  50, 175, 175, 100, 100, 100,  50, 100, 100, 100, 175,  50, 100, 100, // water 1
  100, 100, 100, 175, 175, 100, 100, 100, 100, 100,  50,  50, 100, 175, 175, // rock 2
  100,  50,  50,  50, 100, 100, 100, 175, 100, 100, 100, 100,  50, 175, 175, // fire 3
  100, 100,  50, 100, 100, 100, 100, 175, 100,  50, 175, 100, 100, 175, 100, // flying 4
  100, 100, 100,  50, 100,  50, 100, 175,  50, 100, 100,  50, 100, 100, 100, // poison 5
  100, 100, 100, 100, 100, 175,  50, 100, 100, 100, 175, 100, 100, 100, 100, // psy 6
  100, 175, 175,  50,  50,  50, 100,  50, 100, 100, 100, 175, 100,  50, 100, // leaf 7
   20, 100, 100, 100, 100, 100, 175, 100, 175, 100, 100, 100, 100, 100, 100, // ghost 8
  100, 175,  50, 100, 175, 100, 100,  50, 100,  50, 100,  20,  50, 100, 100, // eletric 9
  175, 100, 175, 100,  50,  50,  50, 100,  30, 100, 100, 100, 100,  50, 175, // fighter 10
  100, 100, 175, 175,  20, 175, 100,  50, 100, 175, 100, 100, 100,  50, 100, // ground 11
  100, 100, 100, 100, 100, 100, 100, 100, 100, 100, 100, 100, 175, 100, 100, // dragon 12
  100, 100, 100,  50,  50,  50, 175, 175,  50, 100,  50, 100, 100, 100, 100, // bug 13
  100,  50, 100,  50, 175, 100, 100, 175, 100, 100, 100, 175, 175, 100,  50, // ice 14
  
4,15	// Elementos Nv.4
//norm watr rock fire fly pois  psy leaf ghost elet figt grnd drag bug ice
  100, 100,  50, 100, 100, 100, 100, 100,  20, 100, 100, 100, 100, 100, 100, // normal 0
  100,  50, 175, 175, 100, 100, 100,  50, 100, 100, 100, 175,  50, 100, 100, // water 1
  100, 100, 100, 175, 175, 100, 100, 100, 100, 100,  50,  50, 100, 175, 175, // rock 2
  100,  50,  50,  50, 100, 100, 100, 175, 100, 100, 100, 100,  50, 175, 175, // fire 3
  100, 100,  50, 100, 100, 100, 100, 175, 100,  50, 175, 100, 100, 175, 100, // flying 4
  100, 100, 100,  50, 100,  50, 100, 175,  50, 100, 100,  50, 100, 100, 100, // poison 5
  100, 100, 100, 100, 100, 175,  50, 100, 100, 100, 175, 100, 100, 100, 100, // psy 6
  100, 175, 175,  50,  50,  50, 100,  50, 100, 100, 100, 175, 100,  50, 100, // leaf 7
   20, 100, 100, 100, 100, 100, 175, 100, 175, 100, 100, 100, 100, 100, 100, // ghost 8
  100, 175,  50, 100, 175, 100, 100,  50, 100,  50, 100,  20,  50, 100, 100, // eletric 9
  175, 100, 175, 100,  50,  50,  50, 100,  30, 100, 100, 100, 100,  50, 175, // fighter 10
  100, 100, 175, 175,  20, 175, 100,  50, 100, 175, 100, 100, 100,  50, 100, // ground 11
  100, 100, 100, 100, 100, 100, 100, 100, 100, 100, 100, 100, 175, 100, 100, // dragon 12
  100, 100, 100,  50,  50,  50, 175, 175,  50, 100,  50, 100, 100, 100, 100, // bug 13
  100,  50, 100,  50, 175, 100, 100, 175, 100, 100, 100, 175, 175, 100,  50, // ice 14