
// ID,Sprite_Name,kROName,iROName,LV,HP,SP,EXP,JEXP,Range1,ATK1,ATK2,DEF,MDEF,STR,AGI,VIT,INT,DEX,LUK,Range2,Range3,Scale,Race,Element,Mode,Speed,aDelay,aMotion,dMotion,MEXP,ExpPer,MVP1id,MVP1per,MVP2id,MVP2per,MVP3id,MVP3per,Drop1id,Drop1per,Drop2id,Drop2per,Drop3id,Drop3per,Drop4id,Drop4per,Drop5id,Drop5per,Drop6id,Drop6per,Drop7id,Drop7per,Drop8id,Drop8per,Drop9id,Drop9per,DropCardid,DropCardper
//Ñ Agressivo -> 0x81      Agressivo -> 0x85


2510,CATERPIE,caterpie,caterpie,10,250,10,4,1,1,30,50,1,1,10,10,10,10,10,2,10,10,0,0,93,0x81,180,1564,864,576,0,0,0,0,0,0,0,0,                              19017,5000,0,0,0,0,0,0,0,0,0,0,0,0,0,0,0,0,0,0
2513,WEEDLE,weedle,weedle,10,250,10,4,1,1,30,50,1,1,10,10,10,10,10,2,10,10,0,0,93,0x85,180,1564,864,576,0,0,0,0,0,0,0,0,                              19017,5000,0,0,0,0,0,0,0,0,0,0,0,0,0,0,0,0,0,0
2516,PIDGEY,pidgey,pidgey,10,250,10,4,1,1,30,50,1,1,10,10,10,10,10,2,10,10,0,0,84,0x81,180,1564,864,576,0,0,0,0,0,0,0,0,                              19049,500,19172,5000,0,0,0,0,0,0,0,0,0,0,0,0,0,0,0,0
2519,RATATA,ratata,ratata,10,250,10,4,1,1,30,50,1,1,10,10,10,10,10,2,10,10,0,0,80,0x85,180,1564,864,576,0,0,0,0,0,0,0,0,                              19008,5000,19131,500,19137,500,0,0,0,0,0,0,0,0,0,0,0,0,0,0
2541,ZUBAT,zubat,zubat,10,250,10,4,1,1,30,50,1,1,10,10,10,10,10,2,10,10,0,0,85,0x85,180,1564,864,576,0,0,0,0,0,0,0,0,                              19013,5000,19180,500,19207,500,0,0,0,0,0,0,0,0,0,0,0,0,0,0

2546,PARAS,paras,paras,10,250,10,4,1,1,30,50,1,1,10,10,10,10,10,2,10,10,0,0,85,0x81,180,1564,864,576,0,0,0,0,0,0,0,0,                              4017,5000,4109,500,4125,500,0,0,0,0,0,0,0,0,0,0,0,0,0,0
2560,POLIWAG,poliwag,poliwag,10,250,10,4,1,1,30,50,1,1,10,10,10,10,10,2,10,10,0,0,81,0x81,180,1564,864,576,0,0,0,0,0,0,0,0,                              4152,500,4190,5000,4191,500,0,0,0,0,0,0,0,0,0,0,0,0,0,0
2590,SHELLDER,shellder,shellder,10,250,10,4,1,1,30,50,1,1,10,10,10,10,10,2,10,10,0,0,94,0x81,180,1564,864,576,0,0,0,0,0,0,0,0,                              4098,500,4155,5000,4169,500,4190,5000,0,0,0,0,0,0,0,0,0,0,0,0
2629,MAGIKARP,magikarp,magikarp,10,250,10,4,1,1,30,50,1,1,10,10,10,10,10,2,10,10,0,0,81,0x81,180,1564,864,576,0,0,0,0,0,0,0,0,                              4100,100,4190,5000,0,0,0,0,0,0,0,0,0,0,0,0,0,0,0,0

2521,SPEAROW,Spearow,Spearow,15,450,100,7,1,1,50,80,1,1,10,10,10,10,10,2,10,10,0,0,84,0x85,180,1564,864,576,0,0,0,0,0,0,0,0,                              19007,100,19049,500,19133,500,19172,5000,0,0,0,0,0,0,0,0,0,0,0,0

2523,EKANS,Ekans,Ekans,15,450,100,7,1,1,50,80,1,1,10,10,10,10,10,2,10,10,0,0,85,0x85,180,1564,864,576,0,0,0,0,0,0,0,0,                              4013,5000,4154,500,0,0,0,0,0,0,0,0,0,0,0,0,0,0,0,0
2529,NIDORAN,Nidoran,Nidoran,15,450,100,7,1,1,50,80,1,1,10,10,10,10,10,2,10,10,0,0,85,0x81,180,1564,864,576,0,0,0,0,0,0,0,0,                              4013,5000,4050,500,0,0,0,0,0,0,0,0,0,0,0,0,0,0,0,0
2532,NIDORAN,Nidoran,Nidoran,15,450,100,7,1,1,50,80,1,1,10,10,10,10,10,2,10,10,0,0,85,0x85,180,1564,864,576,0,0,0,0,0,0,0,0,                              4013,5000,4103,500,0,0,0,0,0,0,0,0,0,0,0,0,0,0,0,0
2537,VULPIX,Vulpix,Vulpix,15,450,100,7,1,1,50,80,1,1,10,10,10,10,10,2,10,10,0,0,83,0x85,180,1564,864,576,0,0,0,0,0,0,0,0,                              4026,500,4047,5000,4059,500,0,0,0,0,0,0,0,0,0,0,0,0,0,0
2543,ODDISH,Oddish,Oddish,15,450,100,7,1,1,50,80,1,1,10,10,10,10,10,2,10,10,0,0,87,0x81,180,1564,864,576,0,0,0,0,0,0,0,0,                              4003,100,4094,500,4145,5000,0,0,0,0,0,0,0,0,0,0,0,0,0,0
2554,PSYDUCK,Psyduck,Psyduck,15,450,100,7,1,1,50,80,1,1,10,10,10,10,10,2,10,10,0,0,81,0x81,180,1564,864,576,0,0,0,0,0,0,0,0,                              4090,500,4128,500,4190,5000,0,0,0,0,0,0,0,0,0,0,0,0,0,0
2566,MACHOP,Machop,Machop,15,450,100,7,1,1,50,80,1,1,10,10,10,10,10,2,10,10,0,0,90,0x85,180,1564,864,576,0,0,0,0,0,0,0,0,                              4006,100,4208,10000,0,0,0,0,0,0,0,0,0,0,0,0,0,0,0,0
2569,BELLSPROUT,Bellsprout,Bellsprout,15,450,100,7,1,1,50,80,1,1,10,10,10,10,10,2,10,10,0,0,87,0x81,180,1564,864,576,0,0,0,0,0,0,0,0,                              4094,500,4121,500,4145,5000,0,0,0,0,0,0,0,0,0,0,0,0,0,0
2577,PONYTA,Ponyta,Ponyta,15,450,100,7,1,1,50,80,1,1,10,10,10,10,10,2,10,10,0,0,83,0x81,180,1564,864,576,0,0,0,0,0,0,0,0,                              4051,1000,0,0,0,0,0,0,0,0,0,0,0,0,0,0,0,0,0,0
2579,SLOWPOKE,Slowpoke,Slowpoke,15,450,100,7,1,1,50,80,1,1,10,10,10,10,10,2,10,10,0,0,81,0x81,180,1564,864,576,0,0,0,0,0,0,0,0,                              4147,500,4190,5000,4191,10000,0,0,0,0,0,0,0,0,0,0,0,0,0,0
2588,GRIMER,Grimer,Grimer,15,450,100,7,1,1,50,80,1,1,10,10,10,10,10,2,10,10,0,0,85,0x85,180,1564,864,576,0,0,0,0,0,0,0,0,                              4013,5000,4069,500,4162,500,0,0,0,0,0,0,0,0,0,0,0,0,0,0
2598,KRABBY,Krabby,Krabby,15,450,100,7,1,1,50,80,1,1,10,10,10,10,10,2,10,10,0,0,81,0x85,180,1564,864,576,0,0,0,0,0,0,0,0,                              4028,500,4190,5000,4191,500,0,0,0,0,0,0,0,0,0,0,0,0,0,0
2609,KOFFING,Koffing,Koffing,15,450,100,7,1,1,50,80,1,1,10,10,10,10,10,2,10,10,0,0,85,0x85,180,1564,864,576,0,0,0,0,0,0,0,0,                              4013,5000,4188,500,0,0,0,0,0,0,0,0,0,0,0,0,0,0,0,0
2616,HORSEA,Horsea,Horsea,15,450,100,7,1,1,50,80,1,1,10,10,10,10,10,2,10,10,0,0,81,0x81,180,1564,864,576,0,0,0,0,0,0,0,0,                              4143,500,4190,5000,4191,500,0,0,0,0,0,0,0,0,0,0,0,0,0,0
2618,GOLDEEN,Goldeen,Goldeen,15,450,100,7,1,1,50,80,1,1,10,10,10,10,10,2,10,10,0,0,81,0x85,180,1564,864,576,0,0,0,0,0,0,0,0,                              4055,5000,4190,5000,4191,500,0,0,0,0,0,0,0,0,0,0,0,0,0,0
2581,MAGNEMITE,Magnemite,Magnemite,15,450,100,7,1,1,50,80,1,1,10,10,10,10,10,2,10,10,0,0,89,0x85,180,1564,864,576,0,0,0,0,0,0,0,0,                              4044,500,4102,500,4141,500,0,0,0,0,0,0,0,0,0,0,0,0,0,0
2600,VOLTORB,Voltorb,Voltorb,15,450,100,7,1,1,50,80,1,1,10,10,10,10,10,2,10,10,0,0,89,0x85,180,1564,864,576,0,0,0,0,0,0,0,0,                              4044,500,4102,500,4141,500,0,0,0,0,0,0,0,0,0,0,0,0,0,0
2501,BULBASAUR,Bulbasaur,Bulbasaur,20,1000,10,12,1,1,50,70,1,1,10,10,10,10,10,2,10,10,0,0,87,0x85,180,1564,864,576,0,0,0,0,0,0,0,0,                              4003,500,4013,5000,4019,500,4094,500,4145,5000,0,0,0,0,0,0,0,0,0,0
2504,CHARMANDER,Charmander,Charmander,20,1000,10,12,1,1,50,70,1,1,10,10,10,10,10,2,10,10,0,0,83,0x85,180,1564,864,576,0,0,0,0,0,0,0,0,                              4047,5000,4054,500,4110,500,4124,500,0,0,0,0,0,0,0,0,0,0,0,0
2507,SQUIRTLE,Squirtle,Squirtle,20,1000,10,12,1,1,50,70,1,1,10,10,10,10,10,2,10,10,0,0,81,0x85,180,1564,864,576,0,0,0,0,0,0,0,0,                              4159,500,4190,5000,4191,1000,0,0,0,0,0,0,0,0,0,0,0,0,0,0
2525,PIKACHU,Pikachu,Pikachu,20,1000,10,12,1,1,50,70,1,1,10,10,10,10,10,2,10,10,0,0,89,0x85,180,1564,864,576,0,0,0,0,0,0,0,0,                              4043,500,4044,750,4141,8000,0,0,0,0,0,0,0,0,0,0,0,0,0,0
2527,SANDSHREW,Sandshrew,Sandshrew,20,1000,10,12,1,1,50,70,1,1,10,10,10,10,10,2,10,10,0,0,91,0x85,180,1564,864,576,0,0,0,0,0,0,0,0,                              4002,1000,4038,5000,4139,500,0,0,0,0,0,0,0,0,0,0,0,0,0,0
2535,CLEFAIRY,Clefairy,Clefairy,20,1000,10,12,1,1,50,70,1,1,10,10,10,10,10,2,10,10,0,0,80,0x81,180,1564,864,576,0,0,0,0,0,0,0,0,                              4181,500,4137,500,0,0,0,0,0,0,0,0,0,0,0,0,0,0,0,0
2539,JIGGLYPUFF,Jigglypuff,Jigglypuff,20,1000,10,12,1,1,50,70,1,1,10,10,10,10,10,2,10,10,0,0,80,0x81,180,1564,864,576,0,0,0,0,0,0,0,0,                              4105,500,4137,500,0,0,0,0,0,0,0,0,0,0,0,0,0,0,0,0
2548,VENONAT,Venonat,Venonat,20,1000,10,12,1,1,50,70,1,1,10,10,10,10,10,2,10,10,0,0,93,0x85,180,1564,864,576,0,0,0,0,0,0,0,0,                              4016,1000,4017,5000,0,0,0,0,0,0,0,0,0,0,0,0,0,0,0,0
2550,DIGLET,Diglet,Diglet,20,1000,10,12,1,1,50,70,1,1,10,10,10,10,10,2,10,10,0,0,91,0x85,180,1564,864,576,0,0,0,0,0,0,0,0,                              4038,5000,4115,500,4139,500,0,0,0,0,0,0,0,0,0,0,0,0,0,0
2563,ABRA,Abra,Abra,20,1000,10,12,1,1,50,70,1,1,10,10,10,10,10,2,10,10,0,0,86,0x85,180,1564,864,576,0,0,0,0,0,0,0,0,                              4045,5000,4060,500,4127,500,0,0,0,0,0,0,0,0,0,0,0,0,0,0
2574,GEODUDE,Geodude,Geodude,20,1000,10,12,1,1,50,70,1,1,10,10,10,10,10,2,10,10,0,0,82,0x85,180,1564,864,576,0,0,0,0,0,0,0,0,                              4168,500,4163,500,4151,5000,0,0,0,0,0,0,0,0,0,0,0,0,0,0
2586,SEEL,Seel,Seel,20,1000,10,12,1,1,50,70,1,1,10,10,10,10,10,2,10,10,0,0,94,0x81,180,1564,864,576,0,0,0,0,0,0,0,0,                              4083,500,4144,500,4155,5000,0,0,0,0,0,0,0,0,0,0,0,0,0,0
2592,GASTLY,Gastly,Gastly,20,1000,10,12,1,1,50,70,1,1,10,10,10,10,10,2,10,10,0,0,88,0x85,180,1564,864,576,0,0,0,0,0,0,0,0,                              4013,5000,4060,500,4062,500,4182,500,0,0,0,0,0,0,0,0,0,0,0,0
2604,CUBONE,Cubone,Cubone,20,1000,10,12,1,1,50,70,1,1,10,10,10,10,10,2,10,10,0,0,91,0x85,180,1564,864,576,0,0,0,0,0,0,0,0,                              4011,500,4038,5000,4139,500,0,0,0,0,0,0,0,0,0,0,0,0,0,0
2633,EEVEE,Eevee,Eevee,20,1000,10,12,1,1,50,70,1,1,10,10,10,10,10,2,10,10,0,0,80,0x81,180,1564,864,576,0,0,0,0,0,0,0,0,                              4137,10000,4137,10000,4137,10000,4141,5000,4047,5000,4190,5000,0,0,0,0,0,0,0,0
2647,DRATINI,Dratini,Dratini,20,1000,10,12,1,1,50,70,1,1,10,10,10,10,10,2,10,10,0,0,92,0x81,180,1564,864,576,0,0,0,0,0,0,0,0,                              4035,500,4036,500,0,0,0,0,0,0,0,0,0,0,0,0,0,0,0,0
2602,EXEGGUTER,Exegguter,Exegguter,20,1000,10,12,1,1,50,70,1,1,10,10,10,10,10,2,10,10,0,0,87,0x85,180,1564,864,576,0,0,0,0,0,0,0,0,                              4045,5000,4120,500,4145,5000,0,0,0,0,0,0,0,0,0,0,0,0,0,0
2552,MEOWTH,Meowth,Meowth,25,1300,10,17,1,1,60,80,1,1,10,10,10,10,10,2,10,10,0,0,80,0x85,180,1564,864,576,0,0,0,0,0,0,0,0,                              4099,500,4137,500,4193,500,0,0,0,0,0,0,0,0,0,0,0,0,0,0
2556,MANKEY,Mankey,Mankey,25,1300,10,17,1,1,60,80,1,1,10,10,10,10,10,2,10,10,0,0,90,0x85,180,1564,864,576,0,0,0,0,0,0,0,0,                              4087,500,4208,10000,0,0,0,0,0,0,0,0,0,0,0,0,0,0,0,0
2558,GROWLITHE,Growlithe,Growlithe,25,1300,10,17,1,1,60,80,1,1,10,10,10,10,10,2,10,10,0,0,83,0x85,180,1564,864,576,0,0,0,0,0,0,0,0,                              4047,5000,4059,500,4065,500,4124,500,0,0,0,0,0,0,0,0,0,0,0,0
2572,TENTACOOL,Tentacool,Tentacool,25,1300,10,17,1,1,60,80,1,1,10,10,10,10,10,2,10,10,0,0,81,0x85,180,1564,864,576,0,0,0,0,0,0,0,0,                              4013,7000,4066,500,4138,500,0,0,0,0,0,0,0,0,0,0,0,0,0,0
2584,DODUO,Doduo,Doduo,25,1300,10,17,1,1,60,80,1,1,10,10,10,10,10,2,10,10,0,0,80,0x81,180,1564,864,576,0,0,0,0,0,0,0,0,                              4032,500,4172,10000,0,0,0,0,0,0,0,0,0,0,0,0,0,0,0,0
2620,STARYU,Staryu,Staryu,25,1300,10,17,1,1,60,80,1,1,10,10,10,10,10,2,10,10,0,0,81,0x85,180,1564,864,576,0,0,0,0,0,0,0,0,                              4061,1000,4138,500,4190,5000,0,0,0,0,0,0,0,0,0,0,0,0,0,0

2511,METAPOD,Metapod,Metapod,30,1700,10,22,1,1,80,100,1,1,10,10,10,10,10,2,10,10,0,0,93,0x81,180,1564,864,576,0,0,0,0,0,0,0,0,                              19017,7000,0,0,0,0,0,0,0,0,0,0,0,0,0,0,0,0,0,0
2514,KAKUNA,Kakuna,Kakuna,30,1700,10,22,1,1,80,100,1,1,10,10,10,10,10,2,10,10,0,0,93,0x85,180,1564,864,576,0,0,0,0,0,0,0,0,                              19017,7000,0,0,0,0,0,0,0,0,0,0,0,0,0,0,0,0,0,0

2596,DROWZEE,Drowzee,Drowzee,30,1700,10,22,1,1,80,100,1,1,10,10,10,10,10,2,10,10,0,0,86,0x85,180,1564,864,576,0,0,0,0,0,0,0,0,                              4045,5000,4060,500,4096,500,0,0,0,0,0,0,0,0,0,0,0,0,0,0
2520,RATICATE,Raticate,Raticate,35,2000,10,32,1,1,100,120,1,1,10,10,10,10,10,2,10,10,0,0,80,0x85,180,1564,864,576,0,0,0,0,0,0,0,0,                              4008,10000,4131,1500,0,0,0,0,0,0,0,0,0,0,0,0,0,0,0,0
2542,GOLBAT,Golbat,Golbat,35,2000,10,32,1,1,100,120,1,1,10,10,10,10,10,2,10,10,0,0,85,0x85,180,1564,864,576,0,0,0,0,0,0,0,0,                              4013,7000,4180,1500,4207,1500,0,0,0,0,0,0,0,0,0,0,0,0,0,0
2561,POLIWHIRL,Poliwhirl,Poliwhirl,35,2000,10,32,1,1,100,120,1,1,10,10,10,10,10,2,10,10,0,0,81,0x85,180,1564,864,576,0,0,0,0,0,0,0,0,                              4152,1000,4190,8000,0,0,0,0,0,0,0,0,0,0,0,0,0,0,0,0
2611,RHYHORN,Rhyhorn,Rhyhorn,35,2000,10,32,1,1,100,120,1,1,10,10,10,10,10,2,10,10,0,0,82,0x85,180,1564,864,576,0,0,0,0,0,0,0,0,                              4038,5000,4077,500,4078,500,4151,10000,4163,1000,0,0,0,0,0,0,0,0,0,0
2638,OMANITE,Omanite,Omanite,35,2000,10,32,1,1,100,120,1,1,10,10,10,10,10,2,10,10,0,0,81,0x85,180,1564,864,576,0,0,0,0,0,0,0,0,                              4076,5,0,0,0,0,0,0,0,0,0,0,0,0,0,0,0,0,0,0
2640,KABUTO,Kabuto,Kabuto,35,2000,10,32,1,1,100,120,1,1,10,10,10,10,10,2,10,10,0,0,82,0x85,180,1564,864,576,0,0,0,0,0,0,0,0,                              4034,5,0,0,0,0,0,0,0,0,0,0,0,0,0,0,0,0,0,0
2517,PIDGEOTTO,Pidgeotto,Pidgeotto,40,2450,10,45,1,1,110,130,1,1,10,10,10,10,10,2,10,10,0,0,84,0x85,180,1564,864,576,0,0,0,0,0,0,0,0,                              4025,500,4049,1000,4172,7000,0,0,0,0,0,0,0,0,0,0,0,0,0,0
2530,NIDORINA,Nidorina,Nidorina,40,2450,10,45,1,1,110,130,1,1,10,10,10,10,10,2,10,10,0,0,85,0x85,180,1564,864,576,0,0,0,0,0,0,0,0,                              4013,7000,4050,1000,0,0,0,0,0,0,0,0,0,0,0,0,0,0,0,0
2533,NIDORINO,Nidorino,Nidorino,40,2450,10,45,1,1,110,130,1,1,10,10,10,10,10,2,10,10,0,0,85,0x85,180,1564,864,576,0,0,0,0,0,0,0,0,                              4013,7000,4103,1000,0,0,0,0,0,0,0,0,0,0,0,0,0,0,0,0
2544,GLOOM,Gloom,Gloom,40,2450,10,45,1,1,110,130,1,1,10,10,10,10,10,2,10,10,0,0,87,0x81,180,1564,864,576,0,0,0,0,0,0,0,0,                              4003,100,4013,8000,4094,500,4145,5000,0,0,0,0,0,0,0,0,0,0,0,0
2570,WEEPINBELL,Weepinbell,Weepinbell,40,2450,10,45,1,1,110,130,1,1,10,10,10,10,10,2,10,10,0,0,87,0x81,180,1564,864,576,0,0,0,0,0,0,0,0,                              4013,8000,4094,500,4121,1000,4145,5000,0,0,0,0,0,0,0,0,0,0,0,0
2575,GRAVELER,Graveler,Graveler,40,2450,10,45,1,1,110,130,1,1,10,10,10,10,10,2,10,10,0,0,82,0x85,180,1564,864,576,0,0,0,0,0,0,0,0,                              4168,1000,4163,1000,4151,10000,0,0,0,0,0,0,0,0,0,0,0,0,0,0
2628,TAURUS,Taurus,Taurus,40,2450,10,45,1,1,110,130,1,1,10,10,10,10,10,2,10,10,0,0,80,0x81,180,1564,864,576,0,0,0,0,0,0,0,0,                              4137,1500,4183,1000,4196,1500,0,0,0,0,0,0,0,0,0,0,0,0,0,0
2582,MAGNETON,Magneton,Magneton,40,2450,10,45,1,1,110,130,1,1,10,10,10,10,10,2,10,10,0,0,89,0x85,180,1564,864,576,0,0,0,0,0,0,0,0,                              4044,1000,4102,1000,4141,1000,0,0,0,0,0,0,0,0,0,0,0,0,0,0
2601,ELECTRODE,Electrode,Electrode,40,2450,10,45,1,1,110,130,1,1,10,10,10,10,10,2,10,10,0,0,89,0x85,180,1564,864,576,0,0,0,0,0,0,0,0,                              4044,1000,4102,1000,4141,1000,0,0,0,0,0,0,0,0,0,0,0,0,0,0
2502,IVYSAUR,Ivysaur,Ivysaur,45,2900,10,60,1,1,120,140,1,1,10,10,10,10,10,2,10,10,0,0,87,0x85,180,1564,864,576,0,0,0,0,0,0,0,0,                              4003,800,4013,8000,4019,1000,4094,500,4145,7000,0,0,0,0,0,0,0,0,0,0
2505,CHARMELEON,Charmeleon,Charmeleon,45,2900,10,60,1,1,120,140,1,1,10,10,10,10,10,2,10,10,0,0,83,0x85,180,1564,864,576,0,0,0,0,0,0,0,0,                              4047,7000,4054,1000,4110,1000,4124,1000,0,0,0,0,0,0,0,0,0,0,0,0
2508,WARTORTLE,Wartortle,Wartortle,45,2900,10,60,1,1,120,140,1,1,10,10,10,10,10,2,10,10,0,0,81,0x85,180,1564,864,576,0,0,0,0,0,0,0,0,                              4159,1000,4190,10000,4191,10000,0,0,0,0,0,0,0,0,0,0,0,0,0,0
2564,KADABRA,Kadabra,Kadabra,45,2900,10,60,1,1,120,140,1,1,10,10,10,10,10,2,10,10,0,0,86,0x85,180,1564,864,576,0,0,0,0,0,0,0,0,                              4045,7000,4060,1000,4127,1000,0,0,0,0,0,0,0,0,0,0,0,0,0,0
2567,MACHOKE,Machoke,Machoke,45,2900,10,60,1,1,120,140,1,1,10,10,10,10,10,2,10,10,0,0,90,0x85,180,1564,864,576,0,0,0,0,0,0,0,0,                              4006,500,4208,10000,0,0,0,0,0,0,0,0,0,0,0,0,0,0,0,0
2593,HAUNTER,Haunter,Haunter,45,2900,10,60,1,1,120,140,1,1,10,10,10,10,10,2,10,10,0,0,88,0x85,180,1564,864,576,0,0,0,0,0,0,0,0,                              4013,10000,4060,1000,4062,1000,4182,1000,0,0,0,0,0,0,0,0,0,0,0,0
2621,STARMIE,Starmie,Starmie,45,2900,10,60,1,1,120,140,1,1,10,10,10,10,10,2,10,10,0,0,81,0x85,180,1564,864,576,0,0,0,0,0,0,0,0,                              4061,2000,4138,1500,4190,10000,4191,10000,0,0,0,0,0,0,0,0,0,0,0,0
2637,PORYGON,Porygon,Porygon,45,2900,10,60,1,1,120,140,1,1,10,10,10,10,10,2,10,10,0,0,80,0x85,180,1564,864,576,0,0,0,0,0,0,0,0,                              0,0,0,0,0,0,0,0,0,0,0,0,0,0,0,0,0,0,0,0
2512,BUTTERFREE,Butterfree,Butterfree,50,3500,10,75,1,1,140,160,1,1,10,10,10,10,10,2,10,10,0,0,93,0x81,180,1564,864,576,0,0,0,0,0,0,0,0,                              4017,10000,4020,1000,0,0,0,0,0,0,0,0,0,0,0,0,0,0,0,0
2515,BEEDRIL,Beedril,Beedril,50,3500,10,75,1,1,140,160,1,1,10,10,10,10,10,2,10,10,0,0,93,0x85,180,1564,864,576,0,0,0,0,0,0,0,0,                              4005,1500,4013,8000,4017,10000,0,0,0,0,0,0,0,0,0,0,0,0,0,0
2536,CLEFABLE,Clefable,Clefable,50,3500,10,75,1,1,140,160,1,1,10,10,10,10,10,2,10,10,0,0,80,0x85,180,1564,864,576,0,0,0,0,0,0,0,0,                              4181,1500,4137,1500,0,0,0,0,0,0,0,0,0,0,0,0,0,0,0,0
2540,WIGGLYTUFF,Wigglytuff,Wigglytuff,50,3500,10,75,1,1,140,160,1,1,10,10,10,10,10,2,10,10,0,0,80,0x85,180,1564,864,576,0,0,0,0,0,0,0,0,                              4105,1500,4137,1500,0,0,0,0,0,0,0,0,0,0,0,0,0,0,0,0
2547,PARASECT,Parasect,Parasect,50,3500,10,75,1,1,140,160,1,1,10,10,10,10,10,2,10,10,0,0,93,0x85,180,1564,864,576,0,0,0,0,0,0,0,0,                              4017,10000,4109,1500,4125,1500,0,0,0,0,0,0,0,0,0,0,0,0,0,0
2583,FARFETHD,Farfethd,Farfethd,50,3500,10,75,1,1,140,160,1,1,10,10,10,10,10,2,10,10,0,0,84,0x81,180,1564,864,576,0,0,0,0,0,0,0,0,                              4048,1000,4049,1000,4172,8000,0,0,0,0,0,0,0,0,0,0,0,0,0,0
2599,KINGLER,Kingler,Kingler,50,3500,10,75,1,1,140,160,1,1,10,10,10,10,10,2,10,10,0,0,81,0x85,180,1564,864,576,0,0,0,0,0,0,0,0,                              4028,1500,4190,10000,4191,10000,0,0,0,0,0,0,0,0,0,0,0,0,0,0
2608,LICKTUNG,Licktung,Licktung,50,3500,10,75,1,1,140,160,1,1,10,10,10,10,10,2,10,10,0,0,80,0x85,180,1564,864,576,0,0,0,0,0,0,0,0,                              4179,3000,4137,1500,0,0,0,0,0,0,0,0,0,0,0,0,0,0,0,0
2614,TANGELA,Tangela,Tangela,50,3500,10,75,1,1,140,160,1,1,10,10,10,10,10,2,10,10,0,0,87,0x81,180,1564,864,576,0,0,0,0,0,0,0,0,                              4010,1000,4145,10000,0,0,0,0,0,0,0,0,0,0,0,0,0,0,0,0
2627,PINSIR,Pinsir,Pinsir,50,3500,10,75,1,1,140,160,1,1,10,10,10,10,10,2,10,10,0,0,93,0x85,180,1564,864,576,0,0,0,0,0,0,0,0,                              4017,10000,4118,1500,0,0,0,0,0,0,0,0,0,0,0,0,0,0,0,0
2632,DITTO,Ditto,Ditto,50,3500,10,75,1,1,140,160,1,1,10,10,10,10,10,2,10,10,0,0,80,0x81,180,1564,864,576,0,0,0,0,0,0,0,0,                              4162,10000,0,0,0,0,0,0,0,0,0,0,0,0,0,0,0,0,0,0
2524,ARBOK,Arbok,Arbok,55,3900,10,90,1,1,150,170,1,1,10,10,10,10,10,2,10,10,0,0,85,0x85,180,1564,864,576,0,0,0,0,0,0,0,0,                              4013,10000,4154,1500,0,0,0,0,0,0,0,0,0,0,0,0,0,0,0,0
2528,SANDSLASH,Sandslash,Sandslash,55,3900,10,90,1,1,150,170,1,1,10,10,10,10,10,2,10,10,0,0,91,0x85,180,1564,864,576,0,0,0,0,0,0,0,0,                              4002,1000,4038,10000,4139,1000,0,0,0,0,0,0,0,0,0,0,0,0,0,0
2551,DUGTRIO,Dugtrio,Dugtrio,55,3900,10,90,1,1,150,170,1,1,10,10,10,10,10,2,10,10,0,0,91,0x85,180,1564,864,576,0,0,0,0,0,0,0,0,                              4038,10000,4115,1500,4139,1000,0,0,0,0,0,0,0,0,0,0,0,0,0,0
2605,MAROWAK,Marowak,Marowak,55,3900,10,90,1,1,150,170,1,1,10,10,10,10,10,2,10,10,0,0,91,0x85,180,1564,864,576,0,0,0,0,0,0,0,0,                              4011,1500,4038,10000,4139,1000,0,0,0,0,0,0,0,0,0,0,0,0,0,0
2557,PRIMEAPE,Primeape,Primeape,55,3900,10,90,1,1,150,170,1,1,10,10,10,10,10,2,10,10,0,0,90,0x85,180,1564,864,576,0,0,0,0,0,0,0,0,                             4087,1500,4208,10000,0,0,0,0,0,0,0,0,0,0,0,0,0,0,0,0
2589,MUK,Muk,Muk,55,3900,10,90,1,1,150,170,1,1,10,10,10,10,10,2,10,10,0,0,85,0x85,180,1564,864,576,0,0,0,0,0,0,0,0,                             4013,10000,4069,1500,4162,1500,0,0,0,0,0,0,0,0,0,0,0,0,0,0
2595,ONIX,Onix,Onix,55,3900,10,90,1,1,150,170,1,1,10,10,10,10,10,2,10,10,0,0,82,0x85,180,1564,864,576,0,0,0,0,0,0,0,0,                              4038,7000,4112,1000,4163,1000,4151,10000,0,0,0,0,0,0,0,0,0,0,0,0
2610,WEEZING,Weezing,Weezing,55,3900,10,90,1,1,150,170,1,1,10,10,10,10,10,2,10,10,0,0,85,0x85,180,1564,864,576,0,0,0,0,0,0,0,0,                              4013,10000,4188,1500,0,0,0,0,0,0,0,0,0,0,0,0,0,0,0,0
2522,FEAROW,Fearow,Fearow,60,4600,10,140,1,1,170,190,1,1,10,10,10,10,10,2,10,10,0,0,84,0x85,180,1564,864,576,0,0,0,0,0,0,0,0,                              4007,2000,4049,1500,4133,1500,4172,10000,0,0,0,0,0,0,0,0,0,0,0,0
2549,VENOMOTH,Venomoth,Venomoth,60,4600,10,140,1,1,170,190,1,1,10,10,10,10,10,2,10,10,0,0,93,0x85,180,1564,864,576,0,0,0,0,0,0,0,0,                              4016,2000,4018,1000,0,0,0,0,0,0,0,0,0,0,0,0,0,0,0,0
2553,PERSIAN,Persian,Persian,60,4600,10,140,1,1,170,190,1,1,10,10,10,10,10,2,10,10,0,0,80,0x85,180,1564,864,576,0,0,0,0,0,0,0,0,                              4099,1500,4137,1500,4193,1500,0,0,0,0,0,0,0,0,0,0,0,0,0,0
2580,SLOWBRO,Slowbro,Slowbro,60,4600,10,140,1,1,170,190,1,1,10,10,10,10,10,2,10,10,0,0,81,0x81,180,1564,864,576,0,0,0,0,0,0,0,0,                              4147,1500,4191,10000,4190,10000,0,0,0,0,0,0,0,0,0,0,0,0,0,0
2585,DODRIO,Dodrio,Dodrio,60,4600,10,140,1,1,170,190,1,1,10,10,10,10,10,2,10,10,0,0,80,0x85,180,1564,864,576,0,0,0,0,0,0,0,0,                              4032,1500,4172,10000,0,0,0,0,0,0,0,0,0,0,0,0,0,0,0,0
2603,EXEGGUTOR,Exeggutor,Exeggutor,60,4600,10,140,1,1,170,190,1,1,10,10,10,10,10,2,10,10,0,0,87,0x85,180,1564,864,576,0,0,0,0,0,0,0,0,                              4045,10000,4120,1500,4145,10000,0,0,0,0,0,0,0,0,0,0,0,0,0,0
2622,MRMIME,MrMime,MrMime,60,4600,10,140,1,1,170,190,1,1,10,10,10,10,10,2,10,10,0,0,86,0x85,180,1564,864,576,0,0,0,0,0,0,0,0,                              4045,8000,4106,1500,0,0,0,0,0,0,0,0,0,0,0,0,0,0,0,0
2555,GOLDUCK,Golduck,Golduck,65,5300,10,250,1,1,180,200,1,1,10,10,10,10,10,2,10,10,0,0,81,0x85,180,1564,864,576,0,0,0,0,0,0,0,0,                              4090,1500,4128,1500,4190,10000,0,0,0,0,0,0,0,0,0,0,0,0,0,0
2562,POLIWATH,Poliwath,Poliwath,65,5300,10,250,1,1,180,200,1,1,10,10,10,10,10,2,10,10,0,0,81,0x85,180,1564,864,576,0,0,0,0,0,0,0,0,                              4152,2000,4190,10000,4191,10000,0,0,0,0,0,0,0,0,0,0,0,0,0,0
2578,RAPIDASH,Rapidash,Rapidash,65,5300,10,250,1,1,180,200,1,1,10,10,10,10,10,2,10,10,0,0,83,0x81,180,1564,864,576,0,0,0,0,0,0,0,0,                              4051,1500,0,0,0,0,0,0,0,0,0,0,0,0,0,0,0,0,0,0
2591,CLOYSTER,Cloyster,Cloyster,65,5300,10,250,1,1,180,200,1,1,10,10,10,10,10,2,10,10,0,0,94,0x85,180,1564,864,576,0,0,0,0,0,0,0,0,                              4098,1500,4155,10000,4169,1500,4190,10000,0,0,0,0,0,0,0,0,0,0,0,0
2597,HYPNO,Hypno,Hypno,65,5300,10,250,1,1,180,200,1,1,10,10,10,10,10,2,10,10,0,0,86,0x85,180,1564,864,576,0,0,0,0,0,0,0,0,                              4045,10000,4060,1200,4096,1500,0,0,0,0,0,0,0,0,0,0,0,0,0,0
2617,SEADRA,Seadra,Seadra,65,5300,10,250,1,1,180,200,1,1,10,10,10,10,10,2,10,10,0,0,81,0x85,180,1564,864,576,0,0,0,0,0,0,0,0,                              4143,1500,4190,10000,4191,10000,0,0,0,0,0,0,0,0,0,0,0,0,0,0
2619,SEAKING,Seaking,Seaking,65,5300,10,250,1,1,180,200,1,1,10,10,10,10,10,2,10,10,0,0,81,0x85,180,1564,864,576,0,0,0,0,0,0,0,0,                              4055,10000,4190,10000,4191,10000,0,0,0,0,0,0,0,0,0,0,0,0,0,0
2634,VAPOREON,Vaporeon,Vaporeon,65,5300,10,250,1,1,180,200,1,1,10,10,10,10,10,2,10,10,0,0,81,0x85,180,1564,864,576,0,0,0,0,0,0,0,0,                              4190,10000,4191,10000,0,0,0,0,0,0,0,0,0,0,0,0,0,0,0,0
2635,JOTEON,Joteon,Joteon,65,5300,10,250,1,1,180,200,1,1,10,10,10,10,10,2,10,10,0,0,89,0x85,180,1564,864,576,0,0,0,0,0,0,0,0,                              4044,1500,0,0,0,0,0,0,0,0,0,0,0,0,0,0,0,0,0,0
2636,FLAREON,Flareon,Flareon,65,5300,10,250,1,1,180,200,1,1,10,10,10,10,10,2,10,10,0,0,83,0x85,180,1564,864,576,0,0,0,0,0,0,0,0,                              4047,10000,0,0,0,0,0,0,0,0,0,0,0,0,0,0,0,0,0,0
2526,RAICHU,Raichu,Raichu,70,6200,10,450,1,1,200,220,1,1,10,10,10,10,10,2,10,10,0,0,89,0x85,180,1564,864,576,0,0,0,0,0,0,0,0,                              4043,1500,4044,1500,4141,10000,0,0,0,0,0,0,0,0,0,0,0,0,0,0
2538,NINETALES,Ninetales,Ninetales,70,6200,10,450,1,1,200,220,1,1,10,10,10,10,10,2,10,10,0,0,83,0x85,180,1564,864,576,0,0,0,0,0,0,0,0,                              4026,1500,4047,10000,4059,1000,0,0,0,0,0,0,0,0,0,0,0,0,0,0
2545,VILEPLUME,Vileplume,Vileplume,70,6200,10,450,1,1,200,220,1,1,10,10,10,10,10,2,10,10,0,0,87,0x85,180,1564,864,576,0,0,0,0,0,0,0,0,                              4003,1500,4013,10000,4094,500,4145,10000,0,0,0,0,0,0,0,0,0,0,0,0
2571,VICTREEBELL,Victreebell,Victreebell,70,6200,10,450,1,1,200,220,1,1,10,10,10,10,10,2,10,10,0,0,87,0x85,180,1564,864,576,0,0,0,0,0,0,0,0,                              4013,10000,4094,500,4121,1500,4145,10000,0,0,0,0,0,0,0,0,0,0,0,0
2573,TENTACRUEL,Tentacruel,Tentacruel,70,6200,10,450,1,1,200,220,1,1,10,10,10,10,10,2,10,10,0,0,81,0x85,180,1564,864,576,0,0,0,0,0,0,0,0,                              4013,10000,4066,1500,4138,1500,0,0,0,0,0,0,0,0,0,0,0,0,0,0
2613,CHANSEY,Chansey,Chansey,70,6200,10,450,1,1,200,220,1,1,10,10,10,10,10,2,10,10,0,0,80,0x81,180,1564,864,576,0,0,0,0,0,0,0,0,                              4137,2000,0,0,0,0,0,0,0,0,0,0,0,0,0,0,0,0,0,0
2631,LAPRAS,Lapras,Lapras,70,6200,10,450,1,1,200,220,1,1,10,10,10,10,10,2,10,10,0,0,94,0x81,180,1564,864,576,0,0,0,0,0,0,0,0,                              4064,1500,4155,10000,4190,10000,0,0,0,0,0,0,0,0,0,0,0,0,0,0
2648,DRAGONAIR,Dragonair,Dragonair,70,15200,10,450,1,1,200,220,1,1,10,10,10,10,10,2,10,10,0,0,92,0x85,180,1564,864,576,0,0,0,0,0,0,0,0,                              4035,1500,4036,1500,4037,500,0,0,0,0,0,0,0,0,0,0,0,0,0,0
2531,NIDOQUEEN,Nidoqueen,Nidoqueen,75,6700,10,1000,1,1,220,240,1,1,10,10,10,10,10,2,10,10,0,0,85,0x85,180,1564,864,576,0,0,0,0,0,0,0,0,                              4013,10000,4050,2000,0,0,0,0,0,0,0,0,0,0,0,0,0,0,0,0
2534,NIDOKING,Nidoking,Nidoking,75,6700,10,1000,1,1,220,240,1,1,10,10,10,10,10,2,10,10,0,0,85,0x85,180,1564,864,576,0,0,0,0,0,0,0,0,                              4013,10000,4103,2000,0,0,0,0,0,0,0,0,0,0,0,0,0,0,0,0
2568,MACHAMP,Machamp,Machamp,75,6700,10,1000,1,1,220,240,1,1,10,10,10,10,10,2,10,10,0,0,90,0x85,180,1564,864,576,0,0,0,0,0,0,0,0,                              4006,1500,4208,10000,0,0,0,0,0,0,0,0,0,0,0,0,0,0,0,0
2576,GOLEM,Golem,Golem,75,6700,10,1000,1,1,220,240,1,1,10,10,10,10,10,2,10,10,0,0,82,0x85,180,1564,864,576,0,0,0,0,0,0,0,0,                              4038,10000,4168,2000,4163,1500,4151,10000,0,0,0,0,0,0,0,0,0,0,0,0
2587,DEWGONG,Dewgong,Dewgong,75,6700,10,1000,1,1,220,240,1,1,10,10,10,10,10,2,10,10,0,0,94,0x85,180,1564,864,576,0,0,0,0,0,0,0,0,                              4083,1500,4144,2000,4155,10000,0,0,0,0,0,0,0,0,0,0,0,0,0,0
2503,VENUSAUR,Venusaur,Venusaur,80,8000,10,2200,1,1,250,270,1,1,10,10,10,10,10,2,10,10,0,0,87,0x85,180,1564,864,576,0,0,0,0,0,0,0,0,                              4003,2000,4013,10000,4019,1500,4094,500,4145,10000,0,0,0,0,0,0,0,0,0,0
2506,CHARIZARD ,Charizard ,Charizard ,80,8000,10,2200,1,1,250,270,1,1,10,10,10,10,10,2,10,10,0,0,83,0x85,180,1564,864,576,0,0,0,0,0,0,0,0,                              4037,500,4047,10000,4054,1500,4110,1500,4124,1500,4172,5000,0,0,0,0,0,0,0,0
2509,BLASTOISE,Blastoise,Blastoise,80,8000,10,2200,1,1,250,270,1,1,10,10,10,10,10,2,10,10,0,0,81,0x85,180,1564,864,576,0,0,0,0,0,0,0,0,                              4159,2000,4190,10000,4191,10000,0,0,0,0,0,0,0,0,0,0,0,0,0,0
2559,ARCANINE,Arcanine,Arcanine,80,8000,10,2200,1,1,250,270,1,1,10,10,10,10,10,2,10,10,0,0,83,0x85,180,1564,864,576,0,0,0,0,0,0,0,0,                              4047,10000,4059,1500,4065,1500,4124,1500,0,0,0,0,0,0,0,0,0,0,0,0
2615,KANGASKHAN,Kangaskhan,Kangaskhan,80,8000,10,2200,1,1,250,270,1,1,10,10,10,10,10,2,10,10,0,0,80,0x81,180,1564,864,576,0,0,0,0,0,0,0,0,                              4089,2000,4137,2000,0,0,0,0,0,0,0,0,0,0,0,0,0,0,0,0
2518,PIDGEOT,Pidgeot,Pidgeot,80,8000,10,2200,1,1,250,270,1,1,10,10,10,10,10,2,10,10,0,0,84,0x85,180,1564,864,576,0,0,0,0,0,0,0,0,                              4025,1500,4049,1500,4172,10000,0,0,0,0,0,0,0,0,0,0,0,0,0,0
2639,OMASTAR,Omastar,Omastar,80,8000,10,2200,1,1,250,270,1,1,10,10,10,10,10,2,10,10,0,0,81,0x85,180,1564,864,576,0,0,0,0,0,0,0,0,                              4076,20,0,0,0,0,0,0,0,0,0,0,0,0,0,0,0,0,0,0
2641,KABUTOPS,Kabutops,Kabutops,80,8000,10,2200,1,1,250,270,1,1,10,10,10,10,10,2,10,10,0,0,82,0x85,180,1564,864,576,0,0,0,0,0,0,0,0,                              4034,20,0,0,0,0,0,0,0,0,0,0,0,0,0,0,0,0,0,0
2565,ALAKAZAM,Alakazam,Alakazam,85,8500,10,2500,1,1,250,270,1,1,10,10,10,10,10,2,10,10,0,0,86,0x85,180,1564,864,576,0,0,0,0,0,0,0,0,                              4045,10000,4060,1500,4127,2000,0,0,0,0,0,0,0,0,0,0,0,0,0,0
2594,GENGAR,Gengar,Gengar,85,8500,10,2500,1,1,250,270,1,1,10,10,10,10,10,2,10,10,0,0,88,0x85,180,1564,864,576,0,0,0,0,0,0,0,0,                              4013,10000,4060,1500,4062,2000,4182,1500,0,0,0,0,0,0,0,0,0,0,0,0
2606,HITMONLEE,Hitmonlee,Hitmonlee,85,8500,10,2500,1,1,250,270,1,1,10,10,10,10,10,2,10,10,0,0,90,0x85,180,1564,864,576,0,0,0,0,0,0,0,0,                              4091,1500,0,0,0,0,0,0,0,0,0,0,0,0,0,0,0,0,0,0
2607,HITMONCHAN,Hitmonchan,Hitmonchan,85,8500,10,2500,1,1,250,270,1,1,10,10,10,10,10,2,10,10,0,0,90,0x85,180,1564,864,576,0,0,0,0,0,0,0,0,                              4129,1500,0,0,0,0,0,0,0,0,0,0,0,0,0,0,0,0,0,0
2612,RHYDON,Rhydon,Rhydon,85,8500,10,2500,1,1,250,270,1,1,10,10,10,10,10,2,10,10,0,0,82,0x85,180,1564,864,576,0,0,0,0,0,0,0,0,                              4038,10000,4077,1500,4078,1500,4168,1500,4163,1500,4151,10000,0,0,0,0,0,0,0,0
2623,SCYTHER,Scyther,Scyther,85,8500,10,2500,1,1,250,270,1,1,10,10,10,10,10,2,10,10,0,0,93,0x85,180,1564,864,576,0,0,0,0,0,0,0,0,                              4017,10000,4125,2000,4142,2000,0,0,0,0,0,0,0,0,0,0,0,0,0,0
2624,JYNX,Jynx,Jynx,85,8500,10,2500,1,1,250,270,1,1,10,10,10,10,10,2,10,10,0,0,94,0x85,180,1564,864,576,0,0,0,0,0,0,0,0,                              4057,2000,4082,2000,4083,1500,4155,10000,0,0,0,0,0,0,0,0,0,0,0,0
2625,ELECTABUZZ,Electabuzz,Electabuzz,85,8500,10,2500,1,1,250,270,1,1,10,10,10,10,10,2,10,10,0,0,89,0x85,180,1564,864,576,0,0,0,0,0,0,0,0,                              4044,2000,4201,2000,4141,10000,0,0,0,0,0,0,0,0,0,0,0,0,0,0
2626,MAGMAR,Magmar,Magmar,85,8500,10,2500,1,1,250,270,1,1,10,10,10,10,10,2,10,10,0,0,83,0x85,180,1564,864,576,0,0,0,0,0,0,0,0,                              4047,10000,4052,2000,4101,2000,4124,1500,0,0,0,0,0,0,0,0,0,0,0,0
2630,GAYARADOS,Gayarados,Gayarados,85,8500,10,2500,1,1,250,270,1,1,10,10,10,10,10,2,10,10,0,0,81,0x85,180,1564,864,576,0,0,0,0,0,0,0,0,                              4073,1500,4190,10000,4191,10000,0,0,0,0,0,0,0,0,0,0,0,0,0,0
2643,SNOLAX,Snolax,Snolax,90,16000,10,6500,1,1,550,750,1,1,10,10,10,10,10,2,10,10,0,0,80,0x85,180,1564,864,576,0,0,0,0,0,0,0,0,                              4008,10000,4080,1500,4119,1500,4137,2000,0,0,0,0,0,0,0,0,0,0,0,0
2649,DRAGONITE,Dragonite,Dragonite,90,28000,10,6500,1,1,300,350,1,1,10,10,10,10,10,2,10,10,0,0,92,0x85,180,1564,864,576,0,0,0,0,0,0,0,0,                              4035,2500,4036,2500,4037,5000,0,0,0,0,0,0,0,0,0,0,0,0,0,0
2642,AERODACTYL,Aerodactyl,Aerodactyl,95,45000,10,10000,1,1,450,700,1,1,10,10,10,10,10,2,10,10,0,0,82,0x85,180,1564,864,576,0,0,0,0,0,0,0,0,                              4111,1,0,0,0,0,0,0,0,0,0,0,0,0,0,0,0,0,0,0
2644,ARTICUNO,Articuno,Articuno,99,55000,10,1,1,1,1000,1500,1,1,10,10,10,10,10,2,10,10,0,0,94,0x85,180,1564,864,576,0,0,0,0,0,0,0,0,                              0,0,0,0,0,0,0,0,0,0,0,0,0,0,0,0,0,0,0,0
2645,ZAPDOS,Zapdos,Zapdos,99,55000,10,1,1,1,1000,1500,1,1,10,10,10,10,10,2,10,10,0,0,89,0x85,180,1564,864,576,0,0,0,0,0,0,0,0,                              0,0,0,0,0,0,0,0,0,0,0,0,0,0,0,0,0,0,0,0
2646,MOLTRES,Moltres,Moltres,99,55000,10,1,1,1,1000,1500,1,1,10,10,10,10,10,2,10,10,0,0,83,0x85,180,1564,864,576,0,0,0,0,0,0,0,0,                              0,0,0,0,0,0,0,0,0,0,0,0,0,0,0,0,0,0,0,0
2650,MEWTWO,Mewtwo,Mewtwo,99,80000,10,1,1,1,1500,3000,1,1,10,10,10,10,10,2,10,10,0,0,86,0x85,180,1564,864,576,0,0,0,0,0,0,0,0,                              0,0,0,0,0,0,0,0,0,0,0,0,0,0,0,0,0,0,0,0
2651,MEW,Mew,Mew,99,80000,10,1,1,1,1500,3000,1,1,10,10,10,10,10,2,10,10,0,0,86,0x81,180,1564,864,576,0,0,0,0,0,0,0,0,                              0,0,0,0,0,0,0,0,0,0,0,0,0,0,0,0,0,0,0,0

//
//------------------------------------------------------- Segunda geração:
//
//2652,Chikorita,Chikorita,Chikorita,24,1109,0,287,176,1,80,135,30,0,1,24,24,5,52,5,10,12,0,4,23,0x3195,200,1564,864,576,0,0,0,0,0,0,0,0,990,70,904,5500,757,57,943,210,7041,100,508,200,625,20,0,0,0,0,4068,1
//eevees >
2901,EEVEE,Eevee,Eevee,24,1109,0,287,176,1,80,135,30,0,1,24,24,5,52,5,10,12,0,4,23,0x3195,200,1564,864,576,0,0,0,0,0,0,0,0,990,70,904,5500,757,57,943,210,7041,100,508,200,625,20,0,0,0,0,4068,1
2902,EEVEE,Eevee,Eevee,24,1109,0,287,176,1,80,135,30,0,1,24,24,5,52,5,10,12,0,4,23,0x3195,200,1564,864,576,0,0,0,0,0,0,0,0,990,70,904,5500,757,57,943,210,7041,100,508,200,625,20,0,0,0,0,4068,1
2903,EEVEE,Eevee,Eevee,24,1109,0,287,176,1,80,135,30,0,1,24,24,5,52,5,10,12,0,4,23,0x3195,200,1564,864,576,0,0,0,0,0,0,0,0,990,70,904,5500,757,57,943,210,7041,100,508,200,625,20,0,0,0,0,4068,1
2904,EEVEE,Eevee,Eevee,24,1109,0,287,176,1,80,135,30,0,1,24,24,5,52,5,10,12,0,4,23,0x3195,200,1564,864,576,0,0,0,0,0,0,0,0,990,70,904,5500,757,57,943,210,7041,100,508,200,625,20,0,0,0,0,4068,1
2906,EEVEE,Eevee,Eevee,24,1109,0,287,176,1,80,135,30,0,1,24,24,5,52,5,10,12,0,4,23,0x3195,200,1564,864,576,0,0,0,0,0,0,0,0,990,70,904,5500,757,57,943,210,7041,100,508,200,625,20,0,0,0,0,4068,1
2977,EEVEE,Eevee,Eevee,24,1109,0,287,176,1,80,135,30,0,1,24,24,5,52,5,10,12,0,4,23,0x3195,200,1564,864,576,0,0,0,0,0,0,0,0,990,70,904,5500,757,57,943,210,7041,100,508,200,625,20,0,0,0,0,4068,1
2696,Espeon,Espeon,Espeon,24,1109,0,287,176,1,80,135,30,0,1,24,24,5,52,5,10,12,0,4,23,0x3195,200,1564,864,576,0,0,0,0,0,0,0,0,990,70,904,5500,757,57,943,210,7041,100,508,200,625,20,0,0,0,0,4068,1
2697,Umbreon,Flareon,Flareon,24,1109,0,287,176,1,80,135,30,0,1,24,24,5,52,5,10,12,0,4,23,0x3195,200,1564,864,576,0,0,0,0,0,0,0,0,990,70,904,5500,757,57,943,210,7041,100,508,200,625,20,0,0,0,0,4068,1
2970,Leafeon,Flareon,Flareon,24,1109,0,287,176,1,80,135,30,0,1,24,24,5,52,5,10,12,0,4,23,0x3195,200,1564,864,576,0,0,0,0,0,0,0,0,990,70,904,5500,757,57,943,210,7041,100,508,200,625,20,0,0,0,0,4068,1
2971,Glaceon,Flareon,Flareon,24,1109,0,287,176,1,80,135,30,0,1,24,24,5,52,5,10,12,0,4,23,0x3195,200,1564,864,576,0,0,0,0,0,0,0,0,990,70,904,5500,757,57,943,210,7041,100,508,200,625,20,0,0,0,0,4068,1
