
// ID,Sprite_Name,kROName,iROName,LV,HP,SP,EXP,JEXP,Range1,ATK1,ATK2,DEF,MDEF,STR,AGI,VIT,INT,DEX,LUK,Range2,Range3,Scale,Race,Element,Mode,Speed,aDelay,aMotion,dMotion,MEXP,ExpPer,MVP1id,MVP1per,MVP2id,MVP2per,MVP3id,MVP3per,Drop1id,Drop1per,Drop2id,Drop2per,Drop3id,Drop3per,Drop4id,Drop4per,Drop5id,Drop5per,Drop6id,Drop6per,Drop7id,Drop7per,Drop8id,Drop8per,Drop9id,Drop9per,DropCardid,DropCardper
//Ñ Agressivo -> 0x81      Agressivo -> 0x85


2510,CATERPIE,Caterpie,Caterpie,10,250,10,12,1,1,30,50,1,1,10,10,10,10,10,2,10,10,0,0,93,0x81,140,1564,864,576,0,0,0,0,0,0,0,0,                              19017,5000,0,0,0,0,0,0,0,0,0,0,0,0,0,0,0,0,0,0
2513,WEEDLE,Weedle,Weedle,10,250,10,12,1,1,30,50,1,1,10,10,10,10,10,2,10,10,0,0,93,0x85,140,1564,864,576,0,0,0,0,0,0,0,0,                              19017,5000,0,0,0,0,0,0,0,0,0,0,0,0,0,0,0,0,0,0
2516,PIDGEY,Pidgey,Pidgey,10,250,10,12,1,1,30,50,1,1,10,10,10,10,10,2,10,10,0,0,84,0x81,140,1564,864,576,0,0,0,0,0,0,0,0,                              19049,500,19172,5000,0,0,0,0,0,0,0,0,0,0,0,0,0,0,0,0
2519,RATATA,Rattata,Rattata,10,250,10,12,1,1,30,50,1,1,10,10,10,10,10,2,10,10,0,0,80,0x85,140,1564,864,576,0,0,0,0,0,0,0,0,                              19008,5000,19131,500,19137,500,0,0,0,0,0,0,0,0,0,0,0,0,0,0
2541,ZUBAT,Zubat,Zubat,10,250,10,12,1,1,30,50,1,1,10,10,10,10,10,2,10,10,0,0,85,0x85,140,1564,864,576,0,0,0,0,0,0,0,0,                              19013,5000,19180,500,19210,500,0,0,0,0,0,0,0,0,0,0,0,0,0,0
2546,PARAS,Paras,Paras,10,250,10,12,1,1,30,50,1,1,10,10,10,10,10,2,10,10,0,0,85,0x81,140,1564,864,576,0,0,0,0,0,0,0,0,                              19017,10000,19109,1000,19125,1000,0,0,0,0,0,0,0,0,0,0,0,0,0,0
2560,POLIWAG,Poliwag,Poliwag,10,250,10,12,1,1,30,50,1,1,10,10,10,10,10,2,10,10,0,0,81,0x81,140,1564,864,576,0,0,0,0,0,0,0,0,                              19152,500,19190,5000,19191,500,0,0,0,0,0,0,0,0,0,0,0,0,0,0
2590,SHELLDER,Shellder,Shellder,10,250,10,12,1,1,30,50,1,1,10,10,10,10,10,2,10,10,0,0,81,0x81,140,1564,864,576,0,0,0,0,0,0,0,0,                              19098,250,19155,2000,19169,250,19190,2000,0,0,0,0,0,0,0,0,0,0,0,0
2629,MAGIKARP,Magikarp,Magikarp,10,250,10,12,1,1,30,50,1,1,10,10,10,10,10,2,10,10,0,0,81,0x81,140,1564,864,576,0,0,0,0,0,0,0,0,                              19100,100,19190,5000,0,0,0,0,0,0,0,0,0,0,0,0,0,0,0,0
2521,SPEAROW,Spearow,Spearow,15,450,100,0,1,1,50,80,1,1,10,10,10,10,10,2,10,10,0,0,84,0x85,140,1564,864,576,0,0,0,0,0,0,0,0,                              19007,100,19049,500,19133,500,19172,5000,0,0,0,0,0,0,0,0,0,0,0,0
2523,EKANS,Ekans,Ekans,15,450,100,21,1,1,50,80,1,1,10,10,10,10,10,2,10,10,0,0,85,0x85,140,1564,864,576,0,0,0,0,0,0,0,0,                              19013,10000,19154,1000,0,0,0,0,0,0,0,0,0,0,0,0,0,0,0,0
2529,NIDORAN,Nidoran Macho,Nidoran Macho,15,450,100,21,1,1,50,80,1,1,10,10,10,10,10,2,10,10,0,0,85,0x81,140,1564,864,576,0,0,0,0,0,0,0,0,                              19013,5000,19050,500,0,0,0,0,0,0,0,0,0,0,0,0,0,0,0,0
2532,NIDORAN,Nidoran Femea,Nidoran Femea,15,450,100,21,1,1,50,80,1,1,10,10,10,10,10,2,10,10,0,0,85,0x85,140,1564,864,576,0,0,0,0,0,0,0,0,                              19013,5000,19103,500,0,0,0,0,0,0,0,0,0,0,0,0,0,0,0,0
2537,VULPIX,Vulpix,Vulpix,15,450,100,21,1,1,50,80,1,1,10,10,10,10,10,2,10,10,0,0,83,0x85,140,1564,864,576,0,0,0,0,0,0,0,0,                              19026,800,19047,8000,19059,800,0,0,0,0,0,0,0,0,0,0,0,0,0,0
2543,ODDISH,Oddish,Oddish,15,450,100,21,1,1,50,80,1,1,10,10,10,10,10,2,10,10,0,0,87,0x81,140,1564,864,576,0,0,0,0,0,0,0,0,                              19003,100,19094,500,19145,5000,0,0,0,0,0,0,0,0,0,0,0,0,0,0
2554,PSYDUCK,Psyduck,Psyduck,15,450,100,21,1,1,50,80,1,1,10,10,10,10,10,2,10,10,0,0,81,0x81,140,1564,864,576,0,0,0,0,0,0,0,0,                              19090,1250,19128,1250,19190,10000,0,0,0,0,0,0,0,0,0,0,0,0,0,0
2566,MACHOP,Machop,Machop,15,450,100,21,1,1,50,80,1,1,10,10,10,10,10,2,10,10,0,0,90,0x85,140,1564,864,576,0,0,0,0,0,0,0,0,                              19006,100,19211,10000,0,0,0,0,0,0,0,0,0,0,0,0,0,0,0,0
2569,BELLSPROUT,Bellsprout,Bellsprout,15,450,100,21,1,1,50,80,1,1,10,10,10,10,10,2,10,10,0,0,87,0x81,140,1564,864,576,0,0,0,0,0,0,0,0,                              19094,500,19121,500,19145,5000,0,0,0,0,0,0,0,0,0,0,0,0,0,0
2577,PONYTA,Ponyta,Ponyta,15,450,100,21,1,1,50,80,1,1,10,10,10,10,10,2,10,10,0,0,83,0x81,140,1564,864,576,0,0,0,0,0,0,0,0,                              19051,1000,0,0,0,0,0,0,0,0,0,0,0,0,0,0,0,0,0,0
2579,SLOWPOKE,Slowpoke,Slowpoke,15,450,100,21,1,1,50,80,1,1,10,10,10,10,10,2,10,10,0,0,81,0x81,140,1564,864,576,0,0,0,0,0,0,0,0,                              19147,500,19190,2500,19191,1000,0,0,0,0,0,0,0,0,0,0,0,0,0,0
2588,GRIMER,Grimer,Grimer,15,450,100,21,1,1,50,80,1,1,10,10,10,10,10,2,10,10,0,0,85,0x85,140,1564,864,576,0,0,0,0,0,0,0,0,                              19013,10000,19069,1000,19162,1000,0,0,0,0,0,0,0,0,0,0,0,0,0,0
2598,KRABBY,Krabby,Krabby,15,450,100,21,1,1,50,80,1,1,10,10,10,10,10,2,10,10,0,0,81,0x85,140,1564,864,576,0,0,0,0,0,0,0,0,                              19028,500,19190,5000,19191,500,0,0,0,0,0,0,0,0,0,0,0,0,0,0
2609,KOFFING,Koffing,Koffing,15,450,100,21,1,1,50,80,1,1,10,10,10,10,10,2,10,10,0,0,85,0x85,140,1564,864,576,0,0,0,0,0,0,0,0,                              19013,10000,19188,1000,0,0,0,0,0,0,0,0,0,0,0,0,0,0,0,0
2616,HORSEA,Horsea,Horsea,15,450,100,21,1,1,50,80,1,1,10,10,10,10,10,2,10,10,0,0,81,0x81,140,1564,864,576,0,0,0,0,0,0,0,0,                              19143,500,19190,5000,19191,500,0,0,0,0,0,0,0,0,0,0,0,0,0,0
2618,GOLDEEN,Goldeen,Goldeen,15,450,100,21,1,1,50,80,1,1,10,10,10,10,10,2,10,10,0,0,81,0x85,140,1564,864,576,0,0,0,0,0,0,0,0,                              19055,5000,19190,5000,19191,500,0,0,0,0,0,0,0,0,0,0,0,0,0,0
2581,MAGNEMITE,Magnemite,Magnemite,15,450,100,21,1,1,50,80,1,1,10,10,10,10,10,2,10,10,0,0,89,0x85,140,1564,864,576,0,0,0,0,0,0,0,0,                              19044,1500,19102,1500,19141,1500,0,0,0,0,0,0,0,0,0,0,0,0,0,0
2600,VOLTORB,Voltorb,Voltorb,15,450,100,21,1,1,50,80,1,1,10,10,10,10,10,2,10,10,0,0,89,0x85,140,1564,864,576,0,0,0,0,0,0,0,0,                              19044,1500,19102,1500,19141,1500,0,0,0,0,0,0,0,0,0,0,0,0,0,0


2501,BULBASAUR,Bulbasaur,Bulbasaur,20,1000,10,36,1,1,50,70,1,1,10,10,10,10,10,2,10,10,0,0,87,0x85,140,1564,864,576,0,0,0,0,0,0,0,0,                              19003,500,19013,5000,19019,500,19094,500,19145,5000,0,0,0,0,0,0,0,0,0,0
2504,CHARMANDER,Charmander,Charmander,20,1000,10,36,1,1,50,70,1,1,10,10,10,10,10,2,10,10,0,0,83,0x85,140,1564,864,576,0,0,0,0,0,0,0,0,                              19047,8000,19054,800,19110,800,19124,800,0,0,0,0,0,0,0,0,0,0,0,0
2507,SQUIRTLE,Squirtle,Squirtle,20,1000,10,36,1,1,50,70,1,1,10,10,10,10,10,2,10,10,0,0,81,0x85,140,1564,864,576,0,0,0,0,0,0,0,0,                              19159,500,19190,5000,19191,1000,0,0,0,0,0,0,0,0,0,0,0,0,0,0
2525,PIKACHU,Pikachu,Pikachu,20,1000,10,36,1,1,50,70,1,1,10,10,10,10,10,2,10,10,0,0,89,0x85,140,1564,864,576,0,0,0,0,0,0,0,0,                              19043,2000,19044,2500,19141,10000,0,0,0,0,0,0,0,0,0,0,0,0,0,0
2527,SANDSHREW,Sandshrew,Sandshrew,20,1000,10,36,1,1,50,70,1,1,10,10,10,10,10,2,10,10,0,0,91,0x85,140,1564,864,576,0,0,0,0,0,0,0,0,                              19002,1000,19038,5000,19139,500,0,0,0,0,0,0,0,0,0,0,0,0,0,0
2535,CLEFAIRY,Clefairy,Clefairy,20,1000,10,36,1,1,50,70,1,1,10,10,10,10,10,2,10,10,0,0,80,0x81,140,1564,864,576,0,0,0,0,0,0,0,0,                              19181,1000,19137,1000,0,0,0,0,0,0,0,0,0,0,0,0,0,0,0,0
2539,JIGGLYPUFF,Jigglypuff,Jigglypuff,20,1000,10,36,1,1,50,70,1,1,10,10,10,10,10,2,10,10,0,0,80,0x81,140,1564,864,576,0,0,0,0,0,0,0,0,                              19105,1000,19137,1000,0,0,0,0,0,0,0,0,0,0,0,0,0,0,0,0
2548,VENONAT,Venonat,Venonat,20,1000,10,36,1,1,50,70,1,1,10,10,10,10,10,2,10,10,0,0,93,0x85,140,1564,864,576,0,0,0,0,0,0,0,0,                              19016,2000,19017,10000,0,0,0,0,0,0,0,0,0,0,0,0,0,0,0,0
2550,DIGLET,Diglett,Diglett,20,1000,10,36,1,1,50,70,1,1,10,10,10,10,10,2,10,10,0,0,91,0x85,140,1564,864,576,0,0,0,0,0,0,0,0,                              19038,5000,19115,500,19139,500,0,0,0,0,0,0,0,0,0,0,0,0,0,0
2563,ABRA,Abra,Abra,20,1000,10,36,1,1,50,70,1,1,10,10,10,10,10,2,10,10,0,0,86,0x85,140,1564,864,576,0,0,0,0,0,0,0,0,                              19045,10000,19060,1500,19127,1500,0,0,0,0,0,0,0,0,0,0,0,0,0,0
2574,GEODUDE,Geodude,Geodude,20,1000,10,36,1,1,50,70,1,1,10,10,10,10,10,2,10,10,0,0,82,0x85,140,1564,864,576,0,0,0,0,0,0,0,0,                              19168,1000,19163,1000,19151,10000,0,0,0,0,0,0,0,0,0,0,0,0,0,0
2586,SEEL,Seel,Seel,20,1000,10,36,1,1,50,70,1,1,10,10,10,10,10,2,10,10,0,0,94,0x81,140,1564,864,576,0,0,0,0,0,0,0,0,                              19083,500,19144,500,19155,5000,0,0,0,0,0,0,0,0,0,0,0,0,0,0
2592,GASTLY,Gastly,Gastly,20,1000,10,36,1,1,50,70,1,1,10,10,10,10,10,2,10,10,0,0,88,0x85,140,1564,864,576,0,0,0,0,0,0,0,0,                              19013,5000,19060,500,19062,500,19182,500,0,0,0,0,0,0,0,0,0,0,0,0
2604,CUBONE,Cubone,Cubone,20,1000,10,36,1,1,50,70,1,1,10,10,10,10,10,2,10,10,0,0,91,0x85,140,1564,864,576,0,0,0,0,0,0,0,0,                              19011,500,19038,5000,19139,500,0,0,0,0,0,0,0,0,0,0,0,0,0,0
2633,EEVEE,Eevee,Eevee,20,1000,10,36,1,1,50,70,1,1,10,10,10,10,10,2,10,10,0,0,80,0x81,140,500,1564,576,0,0,0,0,0,0,0,0,                              19137,10000,19137,10000,19137,10000,19141,5000,19047,5000,19190,5000,0,0,0,0,0,0,0,0
2647,DRATINI,Dratini,Dratini,20,1000,10,36,1,1,50,70,1,1,10,10,10,10,10,2,10,10,0,0,92,0x81,140,1564,864,576,0,0,0,0,0,0,0,0,                              19035,500,19036,500,0,0,0,0,0,0,0,0,0,0,0,0,0,0,0,0
2602,EXEGGUTER,Exeggcute,Exeggcute,20,1000,10,36,1,1,50,70,1,1,10,10,10,10,10,2,10,10,0,0,87,0x85,140,1564,864,576,0,0,0,0,0,0,0,0,                              19045,8000,19120,800,19145,8000,0,0,0,0,0,0,0,0,0,0,0,0,0,0


2552,MEOWTH,Meowth,Meowth,25,1300,10,51,1,1,60,80,1,1,10,10,10,10,10,2,10,10,0,0,80,0x85,140,1564,864,576,0,0,0,0,0,0,0,0,                              19099,800,19137,800,19193,800,0,0,0,0,0,0,0,0,0,0,0,0,0,0
2556,MANKEY,Mankey,Mankey,25,1300,10,51,1,1,60,80,1,1,10,10,10,10,10,2,10,10,0,0,90,0x85,140,1564,864,576,0,0,0,0,0,0,0,0,                              19087,1000,19211,10000,0,0,0,0,0,0,0,0,0,0,0,0,0,0,0,0
2558,GROWLITHE,Growlithe,Growlithe,25,1300,10,51,1,1,60,80,1,1,10,10,10,10,10,2,10,10,0,0,83,0x85,140,1564,864,576,0,0,0,0,0,0,0,0,                              19047,8000,19059,800,19065,800,19124,800,0,0,0,0,0,0,0,0,0,0,0,0
2572,TENTACOOL,Tentacool,Tentacool,25,1300,10,51,1,1,60,80,1,1,10,10,10,10,10,2,10,10,0,0,81,0x85,140,1564,864,576,0,0,0,0,0,0,0,0,                              19013,7000,19066,500,19138,500,0,0,0,0,0,0,0,0,0,0,0,0,0,0
2584,DODUO,Doduo,Doduo,25,1300,10,51,1,1,60,80,1,1,10,10,10,10,10,2,10,10,0,0,80,0x81,140,1564,864,576,0,0,0,0,0,0,0,0,                              19032,500,19172,10000,0,0,0,0,0,0,0,0,0,0,0,0,0,0,0,0
2620,STARYU,Staryu,Staryu,25,1300,10,51,1,1,60,80,1,1,10,10,10,10,10,2,10,10,0,0,81,0x85,140,1564,864,576,0,0,0,0,0,0,0,0,                              19061,2500,19138,1250,19190,10000,0,0,0,0,0,0,0,0,0,0,0,0,0,0

2511,METAPOD,Metapod,Metapod,30,1700,10,66,1,1,80,100,1,1,10,10,10,10,10,2,10,10,0,0,93,0x81,140,1564,864,576,0,0,0,0,0,0,0,0,                              19017,10000,0,0,0,0,0,0,0,0,0,0,0,0,0,0,0,0,0,0
2514,KAKUNA,Kakuna,Kakuna,30,1700,10,66,1,1,80,100,1,1,10,10,10,10,10,2,10,10,0,0,93,0x85,140,1564,864,576,0,0,0,0,0,0,0,0,                              19017,10000,0,0,0,0,0,0,0,0,0,0,0,0,0,0,0,0,0,0
2596,DROWZEE,Drowzee,Drowzee,30,1700,10,66,1,1,80,100,1,1,10,10,10,10,10,2,10,10,0,0,86,0x85,140,1564,864,576,0,0,0,0,0,0,0,0,                              19045,10000,19060,1500,19096,1500,0,0,0,0,0,0,0,0,0,0,0,0,0,0


2520,RATICATE,Raticate,Raticate,35,2000,10,96,1,1,100,120,1,1,10,10,10,10,10,2,10,10,0,0,80,0x85,140,1564,864,576,0,0,0,0,0,0,0,0,                              19008,10000,19131,1500,0,0,0,0,0,0,0,0,0,0,0,0,0,0,0,0
2542,GOLBAT,Golbat,Golbat,35,2000,10,96,1,1,100,120,1,1,10,10,10,10,10,2,10,10,0,0,85,0x85,140,1564,864,576,0,0,0,0,0,0,0,0,                              19013,10000,19180,3500,19210,3500,0,0,0,0,0,0,0,0,0,0,0,0,0,0
2561,POLIWHIRL,Poliwhirl,Poliwhirl,35,2000,10,96,1,1,100,120,1,1,10,10,10,10,10,2,10,10,0,0,81,0x85,140,1564,864,576,0,0,0,0,0,0,0,0,                              19152,1000,19190,8000,0,0,0,0,0,0,0,0,0,0,0,0,0,0,0,0
2611,RHYHORN,Rhyhorn,Rhyhorn,35,2000,10,96,1,1,100,120,1,1,10,10,10,10,10,2,10,10,0,0,82,0x85,140,1564,864,576,0,0,0,0,0,0,0,0,                              19038,5000,19077,500,19078,500,19151,10000,19163,1000,0,0,0,0,0,0,0,0,0,0
2638,OMANYTE,Omanyte,Omanyte,35,2000,10,96,1,1,100,120,1,1,10,10,10,10,10,2,10,10,0,0,81,0x85,140,1564,864,576,0,0,0,0,0,0,0,0,                              19076,5,0,0,0,0,0,0,0,0,0,0,0,0,0,0,0,0,0,0
2640,KABUTO,Kabuto,Kabuto,35,2000,10,96,1,1,100,120,1,1,10,10,10,10,10,2,10,10,0,0,82,0x85,140,1564,864,576,0,0,0,0,0,0,0,0,                              19034,5,0,0,0,0,0,0,0,0,0,0,0,0,0,0,0,0,0,0

2517,PIDGEOTTO,Pidgeotto,Pidgeotto,40,2450,10,135,1,1,110,120,1,1,10,10,10,10,10,2,10,10,0,0,84,0x85,140,1564,864,576,0,0,0,0,0,0,0,0,                              19025,850,19049,1800,19172,10000,0,0,0,0,0,0,0,0,0,0,0,0,0,0
2530,NIDORINA,Nidorina,Nidorina,40,2450,10,135,1,1,110,120,1,1,10,10,10,10,10,2,10,10,0,0,85,0x85,140,1564,864,576,0,0,0,0,0,0,0,0,                              19013,7000,19050,1000,0,0,0,0,0,0,0,0,0,0,0,0,0,0,0,0
2533,NIDORINO,Nidorino,Nidorino,40,2450,10,135,1,1,110,120,1,1,10,10,10,10,10,2,10,10,0,0,85,0x85,140,1564,864,576,0,0,0,0,0,0,0,0,                              19013,7000,19103,1000,0,0,0,0,0,0,0,0,0,0,0,0,0,0,0,0
2544,GLOOM,Gloom,Gloom,40,2450,10,135,1,1,110,120,1,1,10,10,10,10,10,2,10,10,0,0,87,0x81,140,1564,864,576,0,0,0,0,0,0,0,0,                              19003,100,19013,8000,19094,500,19145,5000,0,0,0,0,0,0,0,0,0,0,0,0
2570,WEEPINBELL,Weepinbell,Weepinbell,40,2450,10,135,1,1,110,120,1,1,10,10,10,10,10,2,10,10,0,0,87,0x81,140,1564,864,576,0,0,0,0,0,0,0,0,                              19013,8000,19094,500,19121,1000,19145,5000,0,0,0,0,0,0,0,0,0,0,0,0
2575,GRAVELER,Graveler,Graveler,40,2450,10,135,1,1,110,120,1,1,10,10,10,10,10,2,10,10,0,0,82,0x85,140,1564,864,576,0,0,0,0,0,0,0,0,                              19168,2000,19163,10000,19151,10000,0,0,0,0,0,0,0,0,0,0,0,0,0,0
2628,TAURUS,Tauros,Tauros,40,2450,10,135,1,1,110,120,1,1,10,10,10,10,10,2,10,10,0,0,80,0x81,140,1564,864,576,0,0,0,0,0,0,0,0,                              19137,3000,19183,1700,19196,2500,0,0,0,0,0,0,0,0,0,0,0,0,0,0
2582,MAGNETON,Magneton,Magneton,40,2450,10,135,1,1,110,120,1,1,10,10,10,10,10,2,10,10,0,0,89,0x85,140,1564,864,576,0,0,0,0,0,0,0,0,                              19044,1000,19102,1000,19141,1000,0,0,0,0,0,0,0,0,0,0,0,0,0,0
2601,ELECTRODE,Electrode,Electrode,40,2450,10,135,1,1,110,120,1,1,10,10,10,10,10,2,10,10,0,0,89,0x85,140,1564,864,576,0,0,0,0,0,0,0,0,                              19044,1000,19102,1000,19141,1000,0,0,0,0,0,0,0,0,0,0,0,0,0,0


2502,IVYSAUR,Ivysaur,Ivysaur,45,2900,10,180,1,1,110,120,1,1,10,10,10,10,10,2,10,10,0,0,87,0x85,140,1564,864,576,0,0,0,0,0,0,0,0,                              19003,800,19013,8000,19019,1000,19094,500,19145,7000,0,0,0,0,0,0,0,0,0,0
2505,CHARMELEON,Charmeleon,Charmeleon,45,2900,10,180,1,1,110,120,1,1,10,10,10,10,10,2,10,10,0,0,83,0x85,140,1564,864,576,0,0,0,0,0,0,0,0,                              19047,8000,19054,1600,19110,1600,19124,1600,0,0,0,0,0,0,0,0,0,0,0,0
2508,WARTORTLE,Wartortle,Wartortle,45,2900,10,180,1,1,110,120,1,1,10,10,10,10,10,2,10,10,0,0,81,0x85,140,1564,864,576,0,0,0,0,0,0,0,0,                              19159,3000,19190,10000,19191,10000,0,0,0,0,0,0,0,0,0,0,0,0,0,0
2564,KADABRA,Kadabra,Kadabra,45,2900,10,180,1,1,110,120,1,1,10,10,10,10,10,2,10,10,0,0,86,0x85,140,1564,864,576,0,0,0,0,0,0,0,0,                              19045,10000,19060,3000,19127,3000,0,0,0,0,0,0,0,0,0,0,0,0,0,0
2567,MACHOKE,Machoke,Machoke,45,2900,10,180,1,1,110,120,1,1,10,10,10,10,10,2,10,10,0,0,90,0x85,140,1564,864,576,0,0,0,0,0,0,0,0,                              19006,2000,19211,10000,0,0,0,0,0,0,0,0,0,0,0,0,0,0,0,0
2593,HAUNTER,Haunter,Haunter,45,2900,10,180,1,1,110,120,1,1,10,10,10,10,10,2,10,10,0,0,88,0x85,140,1564,864,576,0,0,0,0,0,0,0,0,                              19013,10000,19060,1000,19062,1000,19182,1000,0,0,0,0,0,0,0,0,0,0,0,0
2621,STARMIE,Starmie,Starmie,45,2900,10,180,1,1,110,120,1,1,10,10,10,10,10,2,10,10,0,0,81,0x85,140,1564,864,576,0,0,0,0,0,0,0,0,                              19061,4500,19138,3200,19190,10000,19191,10000,0,0,0,0,0,0,0,0,0,0,0,0
2637,PORYGON,Porygon,Porygon,45,2900,10,180,1,1,110,120,1,1,10,10,10,10,10,2,10,10,0,0,80,0x85,140,1564,864,576,0,0,0,0,0,0,0,0,                              19045,10000,0,0,0,0,0,0,0,0,0,0,0,0,0,0,0,0,0,0

2512,BUTTERFREE,Butterfree,Butterfree,50,3500,10,225,1,1,115,125,1,1,10,10,10,10,10,2,10,10,0,0,93,0x85,140,1564,864,576,0,0,0,0,0,0,0,0,                              19017,10000,19020,2300,0,0,0,0,0,0,0,0,0,0,0,0,0,0,0,0
2515,BEEDRIL,Beedril,Beedril,50,3500,10,225,1,1,115,125,1,1,10,10,10,10,10,2,10,10,0,0,93,0x85,140,1564,864,576,0,0,0,0,0,0,0,0,                              19005,4000,19013,10000,19017,10000,0,0,0,0,0,0,0,0,0,0,0,0,0,0
2536,CLEFABLE,Clefable,Clefable,50,3500,10,225,1,1,115,125,1,1,10,10,10,10,10,2,10,10,0,0,80,0x85,140,1564,864,576,0,0,0,0,0,0,0,0,                              19181,4500,19137,4500,19008,10000,0,0,0,0,0,0,0,0,0,0,0,0,0,0
2540,WIGGLYTUFF,Wigglytuff,Wigglytuff,50,3500,10,225,1,1,115,125,1,1,10,10,10,10,10,2,10,10,0,0,80,0x85,140,1564,864,576,0,0,0,0,0,0,0,0,                              19105,4500,19137,4500,19008,10000,0,0,0,0,0,0,0,0,0,0,0,0,0,0
2547,PARASECT,Parasect,Parasect,50,3500,10,225,1,1,115,125,1,1,10,10,10,10,10,2,10,10,0,0,93,0x85,140,1564,864,576,0,0,0,0,0,0,0,0,                              19017,10000,19109,2800,19125,2800,0,0,0,0,0,0,0,0,0,0,0,0,0,0
2583,FARFETHD,Farfethd,Farfethd,50,3500,10,225,1,1,115,125,1,1,10,10,10,10,10,2,10,10,0,0,84,0x85,140,1564,864,576,0,0,0,0,0,0,0,0,                              19048,1000,19049,1000,19172,8000,0,0,0,0,0,0,0,0,0,0,0,0,0,0
2599,KINGLER,Kingler,Kingler,50,3500,10,225,1,1,115,125,1,1,10,10,10,10,10,2,10,10,0,0,81,0x85,140,1564,864,576,0,0,0,0,0,0,0,0,                              19028,1500,19190,10000,19191,10000,0,0,0,0,0,0,0,0,0,0,0,0,0,0
2608,LICKTUNG,Lickitung,Lickitung,50,3500,10,225,1,1,115,125,1,1,10,10,10,10,10,2,10,10,0,0,80,0x85,140,1564,864,576,0,0,0,0,0,0,0,0,                              19179,3000,19137,1500,0,0,0,0,0,0,0,0,0,0,0,0,0,0,0,0
2614,TANGELA,Tangela,Tangela,50,3500,10,225,1,1,115,125,1,1,10,10,10,10,10,2,10,10,0,0,87,0x85,140,1564,864,576,0,0,0,0,0,0,0,0,                              19010,3500,19145,10000,0,0,0,0,0,0,0,0,0,0,0,0,0,0,0,0
2627,PINSIR,Pinsir,Pinsir,50,3500,10,225,1,1,115,125,1,1,10,10,10,10,10,2,10,10,0,0,93,0x85,140,1564,864,576,0,0,0,0,0,0,0,0,                              19017,10000,19118,3500,0,0,0,0,0,0,0,0,0,0,0,0,0,0,0,0
2632,DITTO,Ditto,Ditto,50,3500,10,225,1,1,115,125,1,1,10,10,10,10,10,2,10,10,0,0,80,0x85,140,1564,864,576,0,0,0,0,0,0,0,0,                              19162,10000,0,0,0,0,0,0,0,0,0,0,0,0,0,0,0,0,0,0


2524,ARBOK,Arbok,Arbok,55,3900,10,270,1,1,115,125,1,1,10,10,10,10,10,2,10,10,0,0,85,0x85,140,1564,864,576,0,0,0,0,0,0,0,0,                              19013,10000,19154,4000,0,0,0,0,0,0,0,0,0,0,0,0,0,0,0,0
2528,SANDSLASH,Sandslash,Sandslash,55,3900,10,270,1,1,115,125,1,1,10,10,10,10,10,2,10,10,0,0,91,0x85,140,1564,864,576,0,0,0,0,0,0,0,0,                              19002,4000,19038,10000,19139,4000,0,0,0,0,0,0,0,0,0,0,0,0,0,0
2551,DUGTRIO,Dugtrio,Dugtrio,55,3900,10,270,1,1,115,125,1,1,10,10,10,10,10,2,10,10,0,0,91,0x85,140,1564,864,576,0,0,0,0,0,0,0,0,                              19038,10000,19115,600,19139,4000,0,0,0,0,0,0,0,0,0,0,0,0,0,0
2605,MAROWAK,Marowak,Marowak,55,3900,10,270,1,1,115,125,1,1,10,10,10,10,10,2,10,10,0,0,91,0x85,140,1564,864,576,0,0,0,0,0,0,0,0,                              19011,6000,19038,10000,19139,4000,0,0,0,0,0,0,0,0,0,0,0,0,0,0
2557,PRIMEAPE,Primeape,Primeape,55,3900,10,270,1,1,115,125,1,1,10,10,10,10,10,2,10,10,0,0,90,0x85,140,1564,864,576,0,0,0,0,0,0,0,0,                             19087,3200,19211,10000,0,0,0,0,0,0,0,0,0,0,0,0,0,0,0,0
2589,MUK,Muk,Muk,55,3900,10,270,1,1,115,125,1,1,10,10,10,10,10,2,10,10,0,0,85,0x85,140,1564,864,576,0,0,0,0,0,0,0,0,                             19013,10000,19069,4000,19162,4000,0,0,0,0,0,0,0,0,0,0,0,0,0,0
2595,ONIX,Onix,Onix,55,3900,10,270,1,1,115,125,1,1,10,10,10,10,10,2,10,10,0,0,82,0x85,140,1564,864,576,0,0,0,0,0,0,0,0,                              19038,10000,19112,1500,19163,1500,19151,10000,0,0,0,0,0,0,0,0,0,0,0,0
2610,WEEZING,Weezing,Weezing,55,3900,10,270,1,1,115,125,1,1,10,10,10,10,10,2,10,10,0,0,85,0x85,140,1564,864,576,0,0,0,0,0,0,0,0,                              19013,10000,19188,4000,0,0,0,0,0,0,0,0,0,0,0,0,0,0,0,0

2522,FEAROW,Fearow,Fearow,60,5600,10,500,1,1,120,130,1,1,10,10,10,10,10,2,10,10,0,0,84,0x85,140,1564,864,576,0,0,0,0,0,0,0,0,                              19007,5000,19049,4000,19133,4000,19172,10000,0,0,0,0,0,0,0,0,0,0,0,0
2549,VENOMOTH,Venomoth,Venomoth,60,5000,10,500,1,1,120,130,1,1,10,10,10,10,10,2,10,10,0,0,93,0x85,140,1564,864,576,0,0,0,0,0,0,0,0,                              19016,4000,19018,2000,19017,10000,0,0,0,0,0,0,0,0,0,0,0,0,0,0
2553,PERSIAN,Persian,Persian,60,5000,10,500,1,1,120,130,1,1,10,10,10,10,10,2,10,10,0,0,80,0x85,140,1564,864,576,0,0,0,0,0,0,0,0,                              19099,3750,19137,3750,19193,3750,0,0,0,0,0,0,0,0,0,0,0,0,0,0
2580,SLOWBRO,Slowbro,Slowbro,60,5000,10,500,1,1,120,130,1,1,10,10,10,10,10,2,10,10,0,0,81,0x85,140,1564,864,576,0,0,0,0,0,0,0,0,                              19147,1000,19191,1500,19190,8000,0,0,0,0,0,0,0,0,0,0,0,0,0,0
2585,DODRIO,Dodrio,Dodrio,60,5000,10,500,1,1,120,130,1,1,10,10,10,10,10,2,10,10,0,0,80,0x85,140,1564,864,576,0,0,0,0,0,0,0,0,                              19032,1500,19172,10000,0,0,0,0,0,0,0,0,0,0,0,0,0,0,0,0
2603,EXEGGUTOR,Exeggutor,Exeggutor,60,5000,10,500,1,1,120,130,1,1,10,10,10,10,10,2,10,10,0,0,87,0x85,140,1564,864,576,0,0,0,0,0,0,0,0,                              19045,10000,19120,1500,19145,10000,0,0,0,0,0,0,0,0,0,0,0,0,0,0
2622,MRMIME,MrMime,MrMime,60,5000,10,500,1,1,120,130,1,1,10,10,10,10,10,2,10,10,0,0,86,0x85,140,1564,864,576,0,0,0,0,0,0,0,0,                              19045,10000,19106,3500,0,0,0,0,0,0,0,0,0,0,0,0,0,0,0,0

2555,GOLDUCK,Golduck,Golduck,65,6200,10,1000,1,1,120,130,1,1,10,10,10,10,10,2,10,10,0,0,81,0x85,140,1564,864,576,0,0,0,0,0,0,0,0,                              19090,3200,19128,3200,19190,10000,0,0,0,0,0,0,0,0,0,0,0,0,0,0
2562,POLIWATH,Poliwath,Poliwath,65,6200,10,1000,1,1,120,130,1,1,10,10,10,10,10,2,10,10,0,0,81,0x85,140,1564,864,576,0,0,0,0,0,0,0,0,                              19152,2000,19190,10000,19191,10000,0,0,0,0,0,0,0,0,0,0,0,0,0,0
2578,RAPIDASH,Rapidash,Rapidash,65,6200,10,1000,1,1,120,130,1,1,10,10,10,10,10,2,10,10,0,0,83,0x85,140,1564,864,576,0,0,0,0,0,0,0,0,                              19051,1500,0,0,0,0,0,0,0,0,0,0,0,0,0,0,0,0,0,0
2591,CLOYSTER,Cloyster,Cloyster,65,6200,10,1000,1,1,120,130,1,1,10,10,10,10,10,2,10,10,0,0,94,0x85,140,1564,864,576,0,0,0,0,0,0,0,0,                              19098,5000,19155,10000,19169,5000,19190,10000,0,0,0,0,0,0,0,0,0,0,0,0
2597,HYPNO,Hypno,Hypno,65,6200,10,1000,1,1,120,130,1,1,10,10,10,10,10,2,10,10,0,0,86,0x85,140,1564,864,576,0,0,0,0,0,0,0,0,                              19045,10000,19060,1200,19096,1500,0,0,0,0,0,0,0,0,0,0,0,0,0,0
2617,SEADRA,Seadra,Seadra,65,6200,10,1000,1,1,120,130,1,1,10,10,10,10,10,2,10,10,0,0,81,0x85,140,1564,864,576,0,0,0,0,0,0,0,0,                              19143,1500,19190,10000,19191,10000,0,0,0,0,0,0,0,0,0,0,0,0,0,0
2619,SEAKING,Seaking,Seaking,65,6200,10,1000,1,1,120,130,1,1,10,10,10,10,10,2,10,10,0,0,81,0x85,140,1564,864,576,0,0,0,0,0,0,0,0,                              19055,10000,19190,10000,19191,10000,0,0,0,0,0,0,0,0,0,0,0,0,0,0
2634,VAPOREON,Vaporeon,Vaporeon,65,6200,10,1000,1,1,120,130,1,1,10,10,10,10,10,2,10,10,0,0,81,0x85,140,1564,864,576,0,0,0,0,0,0,0,0,                              19190,10000,19191,10000,0,0,0,0,0,0,0,0,0,0,0,0,0,0,0,0
2635,JOLTEON,Jolteon,Jolteon,65,6200,10,1000,1,1,120,130,1,1,10,10,10,10,10,2,10,10,0,0,89,0x85,140,1564,864,576,0,0,0,0,0,0,0,0,                              19044,1500,0,0,0,0,0,0,0,0,0,0,0,0,0,0,0,0,0,0
2636,FLAREON,Flareon,Flareon,65,6200,10,1000,1,1,120,130,1,1,10,10,10,10,10,2,10,10,0,0,83,0x85,140,1564,864,576,0,0,0,0,0,0,0,0,                              19047,10000,0,0,0,0,0,0,0,0,0,0,0,0,0,0,0,0,0,0

2526,RAICHU,Raichu,Raichu,70,7500,10,2000,1,1,125,135,1,1,10,10,10,10,10,2,10,10,0,0,89,0x85,140,1564,864,576,0,0,0,0,0,0,0,0,                              19043,1500,19044,1500,19141,10000,0,0,0,0,0,0,0,0,0,0,0,0,0,0
2538,NINETALES,Ninetales,Ninetales,70,7500,10,2000,1,1,125,135,1,1,10,10,10,10,10,2,10,10,0,0,83,0x85,140,1564,864,576,0,0,0,0,0,0,0,0,                              19026,1500,19047,10000,19059,1000,0,0,0,0,0,0,0,0,0,0,0,0,0,0
2545,VILEPLUME,Vileplume,Vileplume,70,7500,10,2000,1,1,125,135,1,1,10,10,10,10,10,2,10,10,0,0,87,0x85,140,1564,864,576,0,0,0,0,0,0,0,0,                              19003,1500,19013,10000,19094,500,19145,10000,0,0,0,0,0,0,0,0,0,0,0,0
2571,VICTREEBELL,Victreebell,Victreebell,70,7500,10,2000,1,1,125,135,1,1,10,10,10,10,10,2,10,10,0,0,87,0x85,140,1564,864,576,0,0,0,0,0,0,0,0,                              19013,10000,19094,500,19121,1500,19145,10000,0,0,0,0,0,0,0,0,0,0,0,0
2573,TENTACRUEL,Tentacruel,Tentacruel,70,7500,10,2000,1,1,125,135,1,1,10,10,10,10,10,2,10,10,0,0,81,0x85,140,1564,864,576,0,0,0,0,0,0,0,0,                              19013,10000,19066,1500,19138,1500,0,0,0,0,0,0,0,0,0,0,0,0,0,0
2613,CHANSEY,Chansey,Chansey,70,7500,10,2000,1,1,125,135,1,1,10,10,10,10,10,2,10,10,0,0,80,0x85,140,1564,864,576,0,0,0,0,0,0,0,0,                              19137,2000,0,0,0,0,0,0,0,0,0,0,0,0,0,0,0,0,0,0
2631,LAPRAS,Lapras,Lapras,70,7500,10,2000,1,1,125,135,1,1,10,10,10,10,10,2,10,10,0,0,94,0x85,140,1564,864,576,0,0,0,0,0,0,0,0,                             19064,1500,19155,10000,19190,10000,0,0,0,0,0,0,0,0,0,0,0,0,0,0
2648,DRAGONAIR,Dragonair,Dragonair,70,15000,10,2000,1,1,125,135,1,1,10,10,10,10,10,2,10,10,0,0,92,0x85,140,1564,864,576,0,0,0,0,0,0,0,0,                              19035,1500,19036,1500,19037,500,0,0,0,0,0,0,0,0,0,0,0,0,0,0

2531,NIDOQUEEN,Nidoqueen,Nidoqueen,75,8100,10,3500,1,1,125,135,1,1,10,10,10,10,10,2,10,10,0,0,85,0x85,140,1564,864,576,0,0,0,0,0,0,0,0,                              19013,10000,19050,2000,0,0,0,0,0,0,0,0,0,0,0,0,0,0,0,0
2534,NIDOKING,Nidoking,Nidoking,75,8100,10,3500,1,1,125,135,1,1,10,10,10,10,10,2,10,10,0,0,85,0x85,140,1564,864,576,0,0,0,0,0,0,0,0,                              19013,10000,19103,2000,0,0,0,0,0,0,0,0,0,0,0,0,0,0,0,0
2568,MACHAMP,Machamp,Machamp,75,8100,10,3500,1,1,125,135,1,1,10,10,10,10,10,2,10,10,0,0,90,0x85,140,1564,864,576,0,0,0,0,0,0,0,0,                              19006,5000,19211,10000,0,0,0,0,0,0,0,0,0,0,0,0,0,0,0,0
2576,GOLEM,Golem,Golem,75,8100,10,3500,1,1,125,135,1,1,10,10,10,10,10,2,10,10,0,0,82,0x85,140,1564,864,576,0,0,0,0,0,0,0,0,                              19038,10000,19168,2500,19163,2500,19151,10000,0,0,0,0,0,0,0,0,0,0,0,0
2587,DEWGONG,Dewgong,Dewgong,75,8100,10,3500,1,1,125,135,1,1,10,10,10,10,10,2,10,10,0,0,94,0x85,140,1564,864,576,0,0,0,0,0,0,0,0,                              19083,5000,19144,7000,19155,10000,0,0,0,0,0,0,0,0,0,0,0,0,0,0

2503,VENUSAUR,Venusaur,Venusaur,80,9300,10,5000,1,1,130,140,1,1,10,10,10,10,10,2,10,10,0,0,87,0x85,140,1564,864,576,0,0,0,0,0,0,0,0,                              19003,2000,19013,10000,19019,1500,19094,500,19145,10000,0,0,0,0,0,0,0,0,0,0
2506,CHARIZARD ,Charizard,Charizard,80,9300,10,5000,1,1,130,140,1,1,10,10,10,10,10,2,10,10,0,0,83,0x85,140,1564,864,576,0,0,0,0,0,0,0,0,                              19037,500,19047,10000,19054,1500,19110,1500,19124,1500,19172,5000,0,0,0,0,0,0,0,0
2509,BLASTOISE,Blastoise,Blastoise,80,9300,10,5000,1,1,130,140,1,1,10,10,10,10,10,2,10,10,0,0,81,0x85,140,1564,864,576,0,0,0,0,0,0,0,0,                              19159,10000,19190,10000,19191,10000,19152,10000,0,0,0,0,0,0,0,0,0,0,0,0
2559,ARCANINE,Arcanine,Arcanine,80,9300,10,5000,1,1,130,140,1,1,10,10,10,10,10,2,10,10,0,0,83,0x85,140,1564,864,576,0,0,0,0,0,0,0,0,                              19047,10000,19059,1500,19065,1500,19124,1500,0,0,0,0,0,0,0,0,0,0,0,0
2615,KANGASKHAN,Kangaskhan,Kangaskhan,80,9300,10,5000,1,1,130,140,1,1,10,10,10,10,10,2,10,10,0,0,80,0x85,140,1564,864,576,0,0,0,0,0,0,0,0,                              19089,2000,19137,2000,0,0,0,0,0,0,0,0,0,0,0,0,0,0,0,0
2518,PIDGEOT,Pidgeot,Pidgeot,80,9300,10,5000,1,1,130,140,1,1,10,10,10,10,10,2,10,10,0,0,84,0x85,140,1564,864,576,0,0,0,0,0,0,0,0,                              19025,5000,19049,5000,19172,10000,0,0,0,0,0,0,0,0,0,0,0,0,0,0
2639,OMASTAR,Omastar,Omastar,80,9300,10,5000,1,1,130,140,1,1,10,10,10,10,10,2,10,10,0,0,81,0x85,140,1564,864,576,0,0,0,0,0,0,0,0,                              19076,20,0,0,0,0,0,0,0,0,0,0,0,0,0,0,0,0,0,0
2641,KABUTOPS,Kabutops,Kabutops,80,9300,10,5000,1,1,130,140,1,1,10,10,10,10,10,2,10,10,0,0,82,0x85,140,1564,864,576,0,0,0,0,0,0,0,0,                              19034,20,0,0,0,0,0,0,0,0,0,0,0,0,0,0,0,0,0,0

2565,ALAKAZAM,Alakazam,Alakazam,85,9500,10,5500,1,1,130,140,1,1,10,10,10,10,10,2,10,10,0,0,86,0x85,140,1564,864,576,0,0,0,0,0,0,0,0,                              19045,10000,19060,1500,19127,2000,0,0,0,0,0,0,0,0,0,0,0,0,0,0
2594,GENGAR,Gengar,Gengar,85,9500,10,5500,1,1,130,140,1,1,10,10,10,10,10,2,10,10,0,0,88,0x85,140,1564,864,576,0,0,0,0,0,0,0,0,                              19013,10000,19060,1500,19062,2000,19182,1500,0,0,0,0,0,0,0,0,0,0,0,0
2606,HITMONLEE,Hitmonlee,Hitmonlee,85,9500,10,5500,1,1,130,140,1,1,10,10,10,10,10,2,10,10,0,0,90,0x85,140,1564,864,576,0,0,0,0,0,0,0,0,                              19091,1500,19211,10000,0,0,0,0,0,0,0,0,0,0,0,0,0,0,0,0
2607,HITMONCHAN,Hitmonchan,Hitmonchan,85,9500,10,5500,1,1,130,140,1,1,10,10,10,10,10,2,10,10,0,0,90,0x85,140,1564,864,576,0,0,0,0,0,0,0,0,                              19129,1500,19211,10000,0,0,0,0,0,0,0,0,0,0,0,0,0,0,0,0
2612,RHYDON,Rhydon,Rhydon,85,9500,10,5500,1,1,130,140,1,1,10,10,10,10,10,2,10,10,0,0,82,0x85,140,1564,864,576,0,0,0,0,0,0,0,0,                              19038,10000,19077,1500,19078,1500,19168,1500,19163,1500,19151,10000,0,0,0,0,0,0,0,0
2623,SCYTHER,Scyther,Scyther,85,9500,10,5500,1,1,130,140,1,1,10,10,10,10,10,2,10,10,0,0,93,0x85,140,1564,864,576,0,0,0,0,0,0,0,0,                              19017,10000,19125,2000,19142,2000,0,0,0,0,0,0,0,0,0,0,0,0,0,0
2624,JYNX,Jynx,Jynx,85,9500,10,5500,1,1,130,140,1,1,10,10,10,10,10,2,10,10,0,0,94,0x85,140,1564,864,576,0,0,0,0,0,0,0,0,                              19057,7000,19082,7000,19083,5000,19155,10000,0,0,0,0,0,0,0,0,0,0,0,0
2625,ELECTABUZZ,Electabuzz,Electabuzz,85,9500,10,5500,1,1,130,140,1,1,10,10,10,10,10,2,10,10,0,0,89,0x85,140,1564,864,576,0,0,0,0,0,0,0,0,                              19044,2000,19201,2000,19141,10000,0,0,0,0,0,0,0,0,0,0,0,0,0,0
2626,MAGMAR,Magmar,Magmar,85,9500,10,5500,1,1,130,140,1,1,10,10,10,10,10,2,10,10,0,0,83,0x85,140,1564,864,576,0,0,0,0,0,0,0,0,                              19047,10000,19052,2000,19101,2000,19124,1500,0,0,0,0,0,0,0,0,0,0,0,0
2630,GAYARADOS,Gayarados,Gayarados,85,9500,10,5500,1,1,130,140,1,1,10,10,10,10,10,2,10,10,0,0,81,0x85,140,1564,864,576,0,0,0,0,0,0,0,0,                              19073,1500,19190,10000,19191,10000,0,0,0,0,0,0,0,0,0,0,0,0,0,0

2643,SNOLAX,Snorlax,Snorlax,90,800000,10,20000,1,1,250,300,1,1,10,10,10,10,10,2,10,10,0,0,80,0x85,140,1564,864,576,0,0,0,0,0,0,0,0,                              19008,10000,19080,1500,19119,1500,19137,2000,709,1000,7873,10000,0,0,0,0,0,0,0,0
2649,DRAGONITE,Dragonite,Dragonite,90,250000,10,20000,1,1,250,300,1,1,10,10,10,10,10,2,10,10,0,0,92,0x85,140,1564,864,576,0,0,0,0,0,0,0,0,                              19035,2500,19036,2500,19037,5000,7873,10000,0,0,0,0,0,0,0,0,0,0,0,0

2642,AERODACTYL,Aerodactyl,Aerodactyl,95,1000000,10,500000,1,1,450,700,1,1,10,10,10,10,10,2,10,10,0,0,82,0x85,140,1564,864,576,0,0,0,0,0,0,0,0,                              19111,1,7873,10000,0,0,0,0,0,0,0,0,0,0,0,0,0,0,0,0

2644,ARTICUNO,Articuno,Articuno,99,1000000,10,1,1,1,600,500,1,1,10,10,10,10,10,2,10,10,0,0,94,0x85,140,1564,864,576,0,0,0,0,0,0,0,0,                              19084,1,750,10000,0,0,0,0,0,0,0,0,0,0,0,0,0,0,0,0
2645,ZAPDOS,Zapdos,Zapdos,99,1000000,10,1,1,1,500,600,1,1,10,10,10,10,10,2,10,10,0,0,89,0x85,140,1564,864,576,0,0,0,0,0,0,0,0,                              19178,1,750,10000,0,0,0,0,0,0,0,0,0,0,0,0,0,0,0,0
2646,MOLTRES,Moltres,Moltres,99,1000000,10,1,1,1,500,600,1,1,10,10,10,10,10,2,10,10,0,0,83,0x85,140,1564,864,576,0,0,0,0,0,0,0,0,                              19053,1,750,10000,0,0,0,0,0,0,0,0,0,0,0,0,0,0,0,0
2650,MEWTWO,Mewtwo,Mewtwo,99,80000,10,1,1,1,1500,3000,1,1,10,10,10,10,10,2,10,10,0,0,86,0x85,140,1564,864,576,0,0,0,0,0,0,0,0,                              0,0,0,0,0,0,0,0,0,0,0,0,0,0,0,0,0,0,0,0
2651,MEW,Mew,Mew,99,100000,10,1,1,1,1500,3000,1,1,10,10,10,10,10,2,10,10,0,0,86,0x85,140,1564,864,576,0,0,0,0,0,0,0,0,                              0,0,0,0,0,0,0,0,0,0,0,0,0,0,0,0,0,0,0,0

//
//------------------------------------------------------- Segunda geração:
//
//2652,Chikorita,Chikorita,Chikorita,24,1109,0,287,176,1,80,135,30,0,1,24,24,5,52,5,10,12,0,4,23,0x3195,200,1564,864,576,0,0,0,0,0,0,0,0,990,70,904,5500,757,57,943,210,7041,100,508,200,625,20,0,0,0,0,4068,1
//eevees >
2901,EEVEE,Eevee,Eevee,24,1109,0,287,176,1,80,135,30,0,1,24,24,5,52,5,10,12,0,4,23,0x3195,200,1564,864,576,0,0,0,0,0,0,0,0,990,70,904,5500,757,57,943,210,7041,100,508,200,625,20,0,0,0,0,4068,1
2902,EEVEE,Eevee,Eevee,24,1109,0,287,176,1,80,135,30,0,1,24,24,5,52,5,10,12,0,4,23,0x3195,200,1564,864,576,0,0,0,0,0,0,0,0,990,70,904,5500,757,57,943,210,7041,100,508,200,625,20,0,0,0,0,4068,1
2903,EEVEE,Eevee,Eevee,24,1109,0,287,176,1,80,135,30,0,1,24,24,5,52,5,10,12,0,4,23,0x3195,200,1564,864,576,0,0,0,0,0,0,0,0,990,70,904,5500,757,57,943,210,7041,100,508,200,625,20,0,0,0,0,4068,1
2904,EEVEE,Eevee,Eevee,24,1109,0,287,176,1,80,135,30,0,1,24,24,5,52,5,10,12,0,4,23,0x3195,200,1564,864,576,0,0,0,0,0,0,0,0,990,70,904,5500,757,57,943,210,7041,100,508,200,625,20,0,0,0,0,4068,1
2906,EEVEE,Eevee,Eevee,24,1109,0,287,176,1,80,135,30,0,1,24,24,5,52,5,10,12,0,4,23,0x3195,200,1564,864,576,0,0,0,0,0,0,0,0,990,70,904,5500,757,57,943,210,7041,100,508,200,625,20,0,0,0,0,4068,1
2977,EEVEE,Eevee,Eevee,24,1109,0,287,176,1,80,135,30,0,1,24,24,5,52,5,10,12,0,4,23,0x3195,200,1564,864,576,0,0,0,0,0,0,0,0,990,70,904,5500,757,57,943,210,7041,100,508,200,625,20,0,0,0,0,4068,1
2696,Espeon,Espeon,Espeon,24,1109,0,287,176,1,80,135,30,0,1,24,24,5,52,5,10,12,0,4,23,0x3195,200,1564,864,576,0,0,0,0,0,0,0,0,990,70,904,5500,757,57,943,210,7041,100,508,200,625,20,0,0,0,0,4068,1
2697,Umbreon,Flareon,Flareon,24,1109,0,287,176,1,80,135,30,0,1,24,24,5,52,5,10,12,0,4,23,0x3195,200,1564,864,576,0,0,0,0,0,0,0,0,990,70,904,5500,757,57,943,210,7041,100,508,200,625,20,0,0,0,0,4068,1
2970,Leafeon,Flareon,Flareon,24,1109,0,287,176,1,80,135,30,0,1,24,24,5,52,5,10,12,0,4,23,0x3195,200,1564,864,576,0,0,0,0,0,0,0,0,990,70,904,5500,757,57,943,210,7041,100,508,200,625,20,0,0,0,0,4068,1
2971,Glaceon,Flareon,Flareon,24,1109,0,287,176,1,80,135,30,0,1,24,24,5,52,5,10,12,0,4,23,0x3195,200,1564,864,576,0,0,0,0,0,0,0,0,990,70,904,5500,757,57,943,210,7041,100,508,200,625,20,0,0,0,0,4068,1
